-25    -0.3647
-24.9038    -0.230657
-24.8077    -0.0863003
-24.7115    0.056124
-24.6154    0.187394
-24.5192    0.304744
-24.4231    0.4116
-24.3269    0.514027
-24.2308    0.616184
-24.1346    0.717569
-24.0385    0.813621
-23.9423    0.899093
-23.8462    0.971861
-23.75    1.03456
-23.6538    1.09281
-23.5577    1.15095
-23.4615    1.20803
-23.3654    1.25662
-23.2692    1.28574
-23.1731    1.28635
-23.0769    1.25651
-22.9808    1.20306
-22.8846    1.13857
-22.7885    1.07504
-22.6923    1.01777
-22.5962    0.962785
-22.5    0.899438
-22.4038    0.816905
-22.3077    0.710961
-22.2115    0.587329
-22.1154    0.459627
-22.0192    0.342954
-21.9231    0.246526
-21.8269    0.169316
-21.7308    0.101011
-21.6346    0.0277038
-21.5385    -0.0607287
-21.4423    -0.165421
-21.3462    -0.277984
-21.25    -0.384546
-21.1538    -0.471922
-21.0577    -0.532559
-20.9615    -0.565993
-20.8654    -0.576713
-20.7692    -0.570363
-20.6731    -0.550829
-20.5769    -0.51981
-20.4808    -0.478553
-20.3846    -0.42993
-20.2885    -0.378802
-20.1923    -0.329917
-20.0962    -0.28449
-20    -0.237836
-19.9038    -0.180197
-19.8077    -0.101103
-19.7115    0.00463779
-19.6154    0.132535
-19.5192    0.268394
-19.4231    0.39326
-19.3269    0.491219
-19.2308    0.556237
-19.1346    0.594481
-19.0385    0.620873
-18.9423    0.65157
-18.8462    0.696206
-18.75    0.753797
-18.6538    0.814176
-18.5577    0.863872
-18.4615    0.893043
-18.3654    0.899723
-18.2692    0.889319
-18.1731    0.870038
-18.0769    0.847138
-17.9808    0.81941
-17.8846    0.779831
-17.7885    0.719871
-17.6923    0.634855
-17.5962    0.5273
-17.5    0.406369
-17.4038    0.283862
-17.3077    0.169007
-17.2115    0.0648384
-17.1154    -0.0321053
-17.0192    -0.128983
-16.9231    -0.232525
-16.8269    -0.345819
-16.7308    -0.467331
-16.6346    -0.592059
-16.5385    -0.713533
-16.4423    -0.825316
-16.3462    -0.921432
-16.25    -0.996278
-16.1538    -1.04501
-16.0577    -1.06495
-15.9615    -1.05756
-15.8654    -1.02934
-15.7692    -0.990559
-15.6731    -0.95149
-15.5769    -0.917686
-15.4808    -0.886894
-15.3846    -0.849705
-15.2885    -0.794242
-15.1923    -0.712845
-15.0962    -0.607258
-15    -0.489245
-14.9038    -0.375848
-14.8077    -0.281458
-14.7115    -0.210809
-14.6154    -0.156807
-14.5192    -0.104588
-14.4231    -0.0398325
-14.3269    0.0431037
-14.2308    0.137716
-14.1346    0.22851
-14.0385    0.299116
-13.9423    0.340833
-13.8462    0.35685
-13.75    0.359734
-13.6538    0.363692
-13.5577    0.376081
-13.4615    0.393123
-13.3654    0.402376
-13.2692    0.390557
-13.1731    0.352086
-13.0769    0.293241
-12.9808    0.229225
-12.8846    0.17564
-12.7885    0.139247
-12.6923    0.113533
-12.5962    0.0820023
-12.5    0.0277107
-12.4038    -0.0561939
-12.3077    -0.160978
-12.2115    -0.265319
-12.1154    -0.345526
-12.0192    -0.387577
-11.9231    -0.394354
-11.8269    -0.38393
-11.7308    -0.379631
-11.6346    -0.397122
-11.5385    -0.435482
-11.4423    -0.477095
-11.3462    -0.496428
-11.25    -0.47298
-11.1538    -0.401543
-11.0577    -0.294506
-10.9615    -0.175391
-10.8654    -0.0674912
-10.7692    0.0161048
-10.6731    0.0759953
-10.5769    0.122276
-10.4808    0.165884
-10.3846    0.210979
-10.2885    0.252873
-10.1923    0.282401
-10.0962    0.293665
-10    0.289998
-9.90385    0.284102
-9.80769    0.29186
-9.71154    0.323121
-9.61538    0.374732
-9.51923    0.429914
-9.42308    0.464642
-9.32692    0.457846
-9.23077    0.400264
-9.13462    0.297692
-9.03846    0.167512
-8.94231    0.0308713
-8.84615    -0.0951628
-8.75    -0.20181
-8.65385    -0.287999
-8.55769    -0.356648
-8.46154    -0.410804
-8.36538    -0.451922
-8.26923    -0.480481
-8.17308    -0.497318
-8.07692    -0.503653
-7.98077    -0.499168
-7.88462    -0.479514
-7.78846    -0.435749
-7.69231    -0.357408
-7.59615    -0.23852
-7.5    -0.0833578
-7.40385    0.0920486
-7.30769    0.26481
-7.21154    0.415005
-7.11538    0.535572
-7.01923    0.636463
-6.92308    0.73979
-6.82692    0.867494
-6.73077    1.02761
-6.63462    1.20666
-6.53846    1.37304
-6.44231    1.49035
-6.34615    1.53441
-6.25    1.50477
-6.15385    1.42488
-6.05769    1.33035
-5.96154    1.2518
-5.86538    1.20135
-5.76923    1.16969
-5.67308    1.13461
-5.57692    1.0753
-5.48077    0.983538
-5.38462    0.865285
-5.28846    0.732321
-5.19231    0.590148
-5.09615    0.431047
-5    0.238101
-4.90385    -0.00109488
-4.80769    -0.279268
-4.71154    -0.563357
-4.61538    -0.803659
-4.51923    -0.955593
-4.42308    -1.00313
-4.32692    -0.970235
-4.23077    -0.912035
-4.13462    -0.888173
-4.03846    -0.93144
-3.94231    -1.02868
-3.84615    -1.1256
-3.75    -1.15452
-3.65385    -1.07131
-3.55769    -0.881754
-3.46154    -0.642321
-3.36538    -0.433963
-3.26923    -0.322414
-3.17308    -0.326514
-3.07692    -0.41227
-2.98077    -0.516285
-2.88462    -0.58549
-2.78846    -0.61019
-2.69231    -0.63035
-2.59615    -0.709772
-2.5    -0.891463
-2.40385    -1.15956
-2.30769    -1.4314
-2.21154    -1.58776
-2.11538    -1.52828
-2.01923    -1.2239
-1.92308    -0.738044
-1.82692    -0.203351
-1.73077    0.235355
-1.63462    0.483329
-1.53846    0.531225
-1.44231    0.445794
-1.34615    0.322563
-1.25    0.2282
-1.15385    0.16602
-1.05769    0.0848482
-0.961538    -0.0739144
-0.865385    -0.319578
-0.769231    -0.58219
-0.673077    -0.732474
-0.576923    -0.646999
-0.480769    -0.286197
-0.384615    0.258682
-0.288462    0.781457
-0.192308    1.04046
-0.0961538    0.868052
1.45661e-13    0.257726
0.0961538    -0.616651
0.192308    -1.4636
0.288462    -1.99308
0.384615    -2.03759
0.480769    -1.6188
0.576923    -0.928993
0.673077    -0.237746
0.769231    0.230475
0.865385    0.389488
0.961538    0.313832
1.05769    0.185297
1.15385    0.195396
1.25    0.45441
1.34615    0.949435
1.44231    1.56453
1.53846    2.14258
1.63462    2.54924
1.73077    2.70403
1.82692    2.56897
1.92308    2.11423
2.01923    1.29682
2.11538    0.0797055
2.21154    -1.50875
2.30769    -3.3079
2.40385    -4.99919
2.5    -6.15893
2.59615    -6.38888
2.69231    -5.47954
2.78846    -3.53245
2.88462    -0.973907
2.98077    1.56557
3.07692    3.47126
3.17308    4.378
3.26923    4.3164
3.36538    3.70095
3.46154    3.15462
3.55769    3.23713
3.65385    4.18935
3.75    5.80477
3.84615    7.48745
3.94231    8.47799
4.03846    8.15713
4.13462    6.30345
4.23077    3.20004
4.32692    -0.451873
4.42308    -3.77549
4.51923    -6.01852
4.61538    -6.79326
4.71154    -6.16899
4.80769    -4.59296
4.90385    -2.68554
5    -1.0008
5.09615    0.1509
5.19231    0.756915
5.28846    1.02756
5.38462    1.24093
5.48077    1.58338
5.57692    2.05506
5.67308    2.4753
5.76923    2.57657
5.86538    2.13909
5.96154    1.10518
6.05769    -0.374339
6.15385    -1.97792
6.25    -3.3169
6.34615    -4.06269
6.44231    -4.05072
6.53846    -3.32701
6.63462    -2.12686
6.73077    -0.798288
6.82692    0.302063
6.92308    0.909127
7.01923    0.919936
7.11538    0.419452
7.21154    -0.342012
7.30769    -1.01383
7.40385    -1.2387
7.5    -0.754786
7.59615    0.518493
7.69231    2.43557
7.78846    4.63905
7.88462    6.63693
7.98077    7.92743
8.07692    8.13802
8.17308    7.13665
8.26923    5.07844
8.36538    2.3709
8.46154    -0.432253
8.55769    -2.77417
8.65385    -4.22906
8.75    -4.58782
8.84615    -3.87615
8.94231    -2.31191
9.03846    -0.227858
9.13462    2.00848
9.23077    4.05527
9.32692    5.63131
9.42308    6.53407
9.51923    6.65408
9.61538    5.99198
9.71154    4.67202
9.80769    2.93686
9.90385    1.11008
10    -0.47362
10.0962    -1.55292
10.1923    -2.00885
10.2885    -1.88963
10.3846    -1.37968
10.4808    -0.724997
10.5769    -0.147164
10.6731    0.217704
10.7692    0.332434
10.8654    0.227073
10.9615    -0.0526574
11.0577    -0.482882
11.1538    -1.06209
11.25    -1.77584
11.3462    -2.55064
11.4423    -3.23186
11.5385    -3.60936
11.6346    -3.48842
11.7308    -2.77618
11.8269    -1.54064
11.9231    -0.00917465
12.0192    1.49828
12.1154    2.67396
12.2115    3.31855
12.3077    3.38763
12.4038    2.97323
12.5    2.23868
12.5962    1.34714
12.6923    0.422659
12.7885    -0.441339
12.8846    -1.14329
12.9808    -1.54302
13.0769    -1.47462
13.1731    -0.810984
13.2692    0.448281
13.3654    2.11656
13.4615    3.83412
13.5577    5.16838
13.6538    5.76672
13.75    5.49364
13.8462    4.48409
13.9423    3.08005
14.0385    1.67465
14.1346    0.536559
14.2308    -0.29865
14.3269    -1.01326
14.4231    -1.87289
14.5192    -3.03922
14.6154    -4.42739
14.7115    -5.68786
14.8077    -6.33312
14.9038    -5.95719
15    -4.44687
15.0962    -2.08205
15.1923    0.528198
15.2885    2.65257
15.3846    3.70003
15.4808    3.42646
15.5769    2.00088
15.6731    -0.0880984
15.7692    -2.23524
15.8654    -3.9374
15.9615    -4.93727
16.0577    -5.24468
16.1538    -5.04761
16.25    -4.5722
16.3462    -3.9642
16.4423    -3.24231
16.5385    -2.33137
16.6346    -1.1443
16.7308    0.33609
16.8269    2.01555
16.9231    3.70095
17.0192    5.15384
17.1154    6.15717
17.2115    6.56961
17.3077    6.35472
17.4038    5.58546
17.5    4.43037
17.5962    3.12517
17.6923    1.92961
17.7885    1.0703
17.8846    0.678872
17.9808    0.745719
18.0769    1.1134
18.1731    1.52396
18.2692    1.71139
18.3654    1.50567
18.4615    0.902286
18.5577    0.0612172
18.6538    -0.769395
18.75    -1.37209
18.8462    -1.66408
18.9423    -1.7332
19.0385    -1.78498
19.1346    -2.02683
19.2308    -2.54962
19.3269    -3.27167
19.4231    -3.97859
19.5192    -4.44091
19.6154    -4.54709
19.7115    -4.3767
19.8077    -4.1674
19.9038    -4.18494
20    -4.56048
20.0962    -5.18254
20.1923    -5.70846
20.2885    -5.70145
20.3846    -4.83393
20.4808    -3.05963
20.5769    -0.668062
20.6731    1.81058
20.7692    3.80906
20.8654    4.94181
20.9615    5.13883
21.0577    4.63778
21.1538    3.84743
21.25    3.15634
21.3462    2.78146
21.4423    2.72329
21.5385    2.83406
21.6346    2.94602
21.7308    2.98063
21.8269    2.97765
21.9231    3.03535
22.0192    3.20711
22.1154    3.42591
22.2115    3.5111
22.3077    3.26165
22.4038    2.58526
22.5    1.5858
22.5962    0.548566
22.6923    -0.183022
22.7885    -0.383995
22.8846    -0.0864454
22.9808    0.399267
23.0769    0.60498
23.1731    0.119411
23.2692    -1.20167
23.3654    -3.13229
23.4615    -5.13551
23.5577    -6.56516
23.6538    -6.92291
23.75    -6.05783
23.8462    -4.22239
23.9423    -1.96473
24.0385    0.0899892
24.1346    1.47136
24.2308    2.012
24.3269    1.85991
24.4231    1.36592
24.5192    0.908482
24.6154    0.736665
24.7115    0.892428
24.8077    1.23021
24.9038    1.50824
25    1.50153
25.0962    1.0886
25.1923    0.286301
25.2885    -0.765848
25.3846    -1.85183
25.4808    -2.73295
25.5769    -3.19478
25.6731    -3.08403
25.7692    -2.33774
25.8654    -1.0048
25.9615    0.746465
26.0577    2.64432
26.1538    4.35901
26.25    5.57197
26.3462    6.05172
26.4423    5.71286
26.5385    4.63899
26.6346    3.06192
26.7308    1.3046
26.8269    -0.294968
26.9231    -1.4588
27.0192    -2.02719
27.1154    -1.99063
27.2115    -1.49057
27.3077    -0.787039
27.4038    -0.194293
27.5    0.00739916
27.5962    -0.335652
27.6923    -1.18332
27.7885    -2.29137
27.8846    -3.2765
27.9808    -3.74786
28.0769    -3.46417
28.1731    -2.45492
28.2692    -1.04729
28.3654    0.227251
28.4615    0.823671
28.5577    0.401715
28.6538    -1.01776
28.75    -3.02988
28.8462    -4.9753
28.9423    -6.17701
29.0385    -6.19098
29.1346    -4.96894
29.2308    -2.86709
29.3269    -0.499604
29.4231    1.49953
29.5192    2.70658
29.6154    3.03847
29.7115    2.73874
29.8077    2.23755
29.9038    1.95457
30    2.13012
30.0962    2.7488
30.1923    3.57368
30.2885    4.26145
30.3846    4.50126
30.4808    4.1203
30.5769    3.12397
30.6731    1.67092
30.7692    0.0083817
30.8654    -1.59916
30.9615    -2.92356
31.0577    -3.8003
31.1538    -4.13487
31.25    -3.89842
31.3462    -3.1204
31.4423    -1.88026
31.5385    -0.297156
31.6346    1.48261
31.7308    3.29803
31.8269    4.98286
31.9231    6.37224
32.0192    7.31127
32.1154    7.67171
32.2115    7.3786
32.3077    6.43871
32.4038    4.9543
32.5    3.10629
32.5962    1.10309
32.6923    -0.888009
32.7885    -2.79358
32.8846    -4.63669
32.9808    -6.47583
33.0769    -8.30156
33.1731    -9.94403
33.2692    -11.053
33.3654    -11.1868
33.4615    -9.99411
33.5577    -7.41715
33.6538    -3.81605
33.75    0.0661126
33.8462    3.31357
33.9423    5.15546
34.0385    5.26059
34.1346    3.87395
34.2308    1.7203
34.3269    -0.296696
34.4231    -1.47255
34.5192    -1.58625
34.6154    -0.956206
34.7115    -0.237609
34.8077    -0.0557198
34.9038    -0.652955
35    -1.72676
35.0962    -2.54556
35.1923    -2.29298
35.2885    -0.473104
35.3846    2.82821
35.4808    6.96489
35.5769    11.034
35.6731    14.3118
35.7692    16.5946
35.8654    18.2482
35.9615    19.9101
36.0577    21.9656
36.1538    24.0549
36.25    24.8898
36.3462    22.5416
36.4423    15.16
36.5385    1.8708
36.6346    -16.512
36.7308    -37.2904
36.8269    -56.3588
36.9231    -69.2506
37.0192    -72.4334
37.1154    -64.4175
37.2115    -46.2998
37.3077    -21.5548
37.4038    4.85903
37.5    27.7867
37.5962    43.1572
37.6923    48.8845
37.7885    45.1685
37.8846    34.1761
37.9808    19.2703
38.0769    4.05979
38.1731    -8.45201
38.2692    -16.4147
38.3654    -19.296
38.4615    -17.7041
38.5577    -12.9883
38.6538    -6.76911
38.75    -0.529719
38.8462    4.6518
38.9423    8.20508
39.0385    10.0304
39.1346    10.3729
39.2308    9.66278
39.3269    8.36631
39.4231    6.87015
39.5192    5.40802
39.6154    4.02875
39.7115    2.60451
39.8077    0.881168
39.9038    -1.42888
40    -4.5206
40.0962    -8.36384
40.1923    -12.6084
40.2885    -16.5755
40.3846    -19.3684
40.4808    -20.0964
40.5769    -18.16
40.6731    -13.5046
40.7692    -6.74216
40.8654    0.923775
40.9615    7.97515
41.0577    12.9821
41.1538    15.0037
41.25    13.8509
41.3462    10.1174
41.4423    4.97195
41.5385    -0.213256
41.6346    -4.26313
41.7308    -6.49336
41.8269    -6.8106
41.9231    -5.61216
42.0192    -3.5531
42.1154    -1.28772
42.2115    0.715568
42.3077    2.23449
42.4038    3.23768
42.5    3.76952
42.5962    3.84486
42.6923    3.40384
42.7885    2.3392
42.8846    0.571741
42.9808    -1.86868
43.0769    -4.79568
43.1731    -7.87164
43.2692    -10.6625
43.3654    -12.723
43.4615    -13.688
43.5577    -13.3513
43.6538    -11.7135
43.75    -8.99208
43.8462    -5.58415
43.9423    -1.98463
44.0385    1.32591
44.1346    3.99477
44.2308    5.87454
44.3269    7.03283
44.4231    7.68612
44.5192    8.0814
44.6154    8.37572
44.7115    8.56943
44.8077    8.52671
44.9038    8.07562
45    7.13813
45.0962    5.82079
45.1923    4.41186
45.2885    3.27528
45.3846    2.68602
45.4808    2.68589
45.5769    3.0352
45.6731    3.29268
45.7692    2.99396
45.8654    1.84878
45.9615    -0.13483
46.0577    -2.65704
46.1538    -5.2583
46.25    -7.51064
46.3462    -9.17496
46.4423    -10.2509
46.5385    -10.9029
46.6346    -11.3107
46.7308    -11.5285
46.8269    -11.4309
46.9231    -10.7738
47.0192    -9.33741
47.1154    -7.07298
47.2115    -4.17516
47.3077    -1.04124
47.4038    1.86284
47.5    4.16276
47.5962    5.68601
47.6923    6.47611
47.7885    6.71715
47.8846    6.61931
47.9808    6.3294
48.0769    5.9068
48.1731    5.36182
48.2692    4.7158
48.3654    4.03348
48.4615    3.40183
48.5577    2.87012
48.6538    2.39735
48.75    1.85427
48.8462    1.09517
48.9423    0.0682336
49.0385    -1.10001
49.1346    -2.10748
49.2308    -2.58609
49.3269    -2.27817
49.4231    -1.19499
49.5192    0.330087
49.6154    1.73574
49.7115    2.44451
49.8077    2.10014
49.9038    0.719945
50    -1.31154
50.0962    -3.40588
50.1923    -5.01376
50.2885    -5.83278
50.3846    -5.88539
50.4808    -5.43935
50.5769    -4.82241
50.6731    -4.23288
50.7692    -3.64408
50.8654    -2.84644
50.9615    -1.59678
51.0577    0.210766
51.1538    2.44479
51.25    4.75804
51.3462    6.71415
51.4423    7.94939
51.5385    8.28634
51.6346    7.7496
51.7308    6.49231
51.8269    4.69153
51.9231    2.48309
52.0192    -0.0246984
52.1154    -2.67424
52.2115    -5.1806
52.3077    -7.12327
52.4038    -8.04311
52.5    -7.61854
52.5962    -5.84117
52.6923    -3.09716
52.7885    -0.0952998
52.8846    2.3474
52.9808    3.58327
53.0769    3.36152
53.1731    1.91138
53.2692    -0.151697
53.3654    -2.0543
53.4615    -3.13261
53.5577    -3.03631
53.6538    -1.80272
53.75    0.205444
53.8462    2.45213
53.9423    4.40004
54.0385    5.6433
54.1346    5.97374
54.2308    5.38649
54.3269    4.04785
54.4231    2.24666
54.5192    0.337449
54.6154    -1.32506
54.7115    -2.45864
54.8077    -2.91966
54.9038    -2.73867
55    -2.10363
55.0962    -1.28819
55.1923    -0.548635
55.2885    -0.0329979
55.3846    0.256219
55.4808    0.429083
55.5769    0.62463
55.6731    0.92385
55.7692    1.30861
55.8654    1.68941
55.9615    1.98351
56.0577    2.192
56.1538    2.42068
56.25    2.81909
56.3462    3.46178
56.4423    4.23671
56.5385    4.81436
56.6346    4.73807
56.7308    3.61494
56.8269    1.32891
56.9231    -1.8265
57.0192    -5.17255
57.1154    -7.83737
57.2115    -9.04984
57.3077    -8.41979
57.4038    -6.08983
57.5    -2.69634
57.5962    0.843599
57.6923    3.63307
57.7885    5.06782
57.8846    4.98474
57.9808    3.64845
58.0769    1.60431
58.1731    -0.528885
58.2692    -2.24498
58.3654    -3.25919
58.4615    -3.52513
58.5577    -3.18153
58.6538    -2.46637
58.75    -1.63249
58.8462    -0.883364
58.9423    -0.334161
59.0385    0.00278527
59.1346    0.208085
59.2308    0.420327
59.3269    0.780337
59.4231    1.36943
59.5192    2.16542
59.6154    3.03917
59.7115    3.79969
59.8077    4.27248
59.9038    4.37568
60    4.15527
60.0962    3.75728
60.1923    3.34663
60.2885    3.01208
60.3846    2.70743
60.4808    2.26459
60.5769    1.47822
60.6731    0.224315
60.7692    -1.44555
60.8654    -3.2836
60.9615    -4.91389
61.0577    -5.9617
61.1538    -6.18752
61.25    -5.56792
61.3462    -4.29185
61.4423    -2.68138
61.5385    -1.07798
61.6346    0.254299
61.7308    1.1739
61.8269    1.65043
61.9231    1.7201
62.0192    1.44097
62.1154    0.871618
62.2115    0.0753907
62.3077    -0.865655
62.4038    -1.84669
62.5    -2.75485
62.5962    -3.4947
62.6923    -4.00614
62.7885    -4.2609
62.8846    -4.23945
62.9808    -3.90721
63.0769    -3.21364
63.1731    -2.12521
63.2692    -0.679595
63.3654    0.971674
63.4615    2.56716
63.5577    3.8004
63.6538    4.42612
63.75    4.35949
63.8462    3.71601
63.9423    2.76453
64.0385    1.81027
64.1346    1.06382
64.2308    0.563882
64.3269    0.196392
64.4231    -0.198738
64.5192    -0.691716
64.6154    -1.17736
64.7115    -1.39703
64.8077    -1.06871
64.9038    -0.0642957
65    1.46006
65.0962    3.05945
65.1923    4.14188
65.2885    4.20257
65.3846    3.04703
65.4808    0.89804
65.5769    -1.66671
65.6731    -3.92144
65.7692    -5.25254
65.8654    -5.35963
65.9615    -4.31782
66.0577    -2.49058
66.1538    -0.351797
66.25    1.6898
66.3462    3.38532
66.4423    4.634
66.5385    5.39979
66.6346    5.62572
66.7308    5.20789
66.8269    4.04835
66.9231    2.15415
67.0192    -0.281069
67.1154    -2.86976
67.2115    -5.11485
67.3077    -6.55386
67.4038    -6.89985
67.5    -6.11896
67.5962    -4.4183
67.6923    -2.16194
67.7885    0.237274
67.8846    2.40217
67.9808    4.02966
68.0769    4.89487
68.1731    4.85223
68.2692    3.85914
68.3654    2.02067
68.4615    -0.37521
68.5577    -2.87234
68.6538    -4.9338
68.75    -6.08643
68.8462    -6.06991
68.9423    -4.92527
69.0385    -2.97919
69.1346    -0.726811
69.2308    1.33666
69.3269    2.86236
69.4231    3.71369
69.5192    3.93692
69.6154    3.67064
69.7115    3.05525
69.8077    2.19417
69.9038    1.1793
70    0.147865
70.0962    -0.685816
70.1923    -1.06691
70.2885    -0.804977
70.3846    0.101722
70.4808    1.39621
70.5769    2.60382
70.6731    3.18881
70.7692    2.76973
70.8654    1.29882
70.9615    -0.880789
71.0577    -3.13443
71.1538    -4.75524
71.25    -5.21279
71.3462    -4.32924
71.4423    -2.31795
71.5385    0.316234
71.6346    2.95697
71.7308    5.05419
71.8269    6.23473
71.9231    6.3275
72.0192    5.33107
72.1154    3.3723
72.2115    0.690595
72.3077    -2.35334
72.4038    -5.27855
72.5    -7.53562
72.5962    -8.62452
72.6923    -8.24974
72.7885    -6.44798
72.8846    -3.61984
72.9808    -0.431768
73.0769    2.38735
73.1731    4.27852
73.2692    5.01912
73.3654    4.75577
73.4615    3.89528
73.5577    2.90828
73.6538    2.13546
73.75    1.67846
73.8462    1.41106
73.9423    1.0883
74.0385    0.489697
74.1346    -0.473433
74.2308    -1.72706
74.3269    -3.07691
74.4231    -4.28657
74.5192    -5.14624
74.6154    -5.50621
74.7115    -5.27973
74.8077    -4.44056
74.9038    -3.03811
75    -1.23032
75.0962    0.692093
75.1923    2.32756
75.2885    3.25288
75.3846    3.16403
75.4808    2.01494
75.5769    0.0852828
75.6731    -2.07084
75.7692    -3.79365
75.8654    -4.54537
75.9615    -4.1045
76.0577    -2.64255
76.1538    -0.647646
76.25    1.27301
76.3462    2.62587
76.4423    3.19879
76.5385    3.09607
76.6346    2.63594
76.7308    2.16881
76.8269    1.90714
76.9231    1.84606
77.0192    1.80447
77.1154    1.55595
77.2115    0.976211
77.3077    0.129751
77.4038    -0.747873
77.5    -1.36174
77.5962    -1.50654
77.6923    -1.17906
77.7885    -0.599393
77.8846    -0.13017
77.9808    -0.130309
78.0769    -0.807412
78.1731    -2.13051
78.2692    -3.83528
78.3654    -5.51328
78.4615    -6.7439
78.5577    -7.2168
78.6538    -6.80446
78.75    -5.57108
78.8462    -3.73115
78.9423    -1.58508
79.0385    0.541753
79.1346    2.34462
79.2308    3.57244
79.3269    4.05917
79.4231    3.75951
79.5192    2.78227
79.6154    1.40163
79.7115    0.0242492
79.8077    -0.898024
79.9038    -0.996719
80    -0.118522
80.0962    1.59051
80.1923    3.69137
80.2885    5.56314
80.3846    6.59209
80.4808    6.37709
80.5769    4.87594
80.6731    2.43344
80.7692    -0.325331
80.8654    -2.70095
80.9615    -4.14905
81.0577    -4.44741
81.1538    -3.74007
81.25    -2.44891
81.3462    -1.09663
81.4423    -0.118962
81.5385    0.258479
81.6346    0.0387997
81.7308    -0.620696
81.8269    -1.52265
81.9231    -2.51778
82.0192    -3.52414
82.1154    -4.47895
82.2115    -5.26668
82.3077    -5.68287
82.4038    -5.47368
82.5    -4.44615
82.5962    -2.59745
82.6923    -0.189897
82.7885    2.28311
82.8846    4.24489
82.9808    5.24238
83.0769    5.12209
83.1731    4.0918
83.2692    2.6349
83.3654    1.31233
83.4615    0.541024
83.5577    0.448871
83.6538    0.86837
83.75    1.46301
83.8462    1.91593
83.9423    2.08253
84.0385    2.03101
84.1346    1.95639
84.2308    2.02098
84.3269    2.21398
84.4231    2.31262
84.5192    1.97367
84.6154    0.914123
84.7115    -0.91001
84.8077    -3.22108
84.9038    -5.48306
85    -7.08978
85.0962    -7.5961
85.1923    -6.88884
85.2885    -5.22228
85.3846    -3.10602
85.4808    -1.09952
85.5769    0.394293
85.6731    1.24975
85.7692    1.61155
85.8654    1.77756
85.9615    2.03463
86.0577    2.52278
86.1538    3.1819
86.25    3.79221
86.3462    4.07969
86.4423    3.836
86.5385    3.00525
86.6346    1.71123
86.7308    0.22391
86.8269    -1.11656
86.9231    -1.99304
87.0192    -2.19726
87.1154    -1.6894
87.2115    -0.617044
87.3077    0.714332
87.4038    1.91797
87.5    2.63403
87.5962    2.63914
87.6923    1.91965
87.7885    0.677893
87.8846    -0.736703
87.9808    -1.9491
88.0769    -2.68607
88.1731    -2.85796
88.2692    -2.56248
88.3654    -2.0137
88.4615    -1.43399
88.5577    -0.962198
88.6538    -0.619935
88.75    -0.344365
88.8462    -0.0599054
88.9423    0.258646
89.0385    0.570612
89.1346    0.809249
89.2308    0.948264
89.3269    1.04719
89.4231    1.23792
89.5192    1.64987
89.6154    2.31159
89.7115    3.08809
89.8077    3.7005
89.9038    3.83292
90    3.28146
90.0962    2.07092
90.1923    0.473733
90.2885    -1.08791
90.3846    -2.21625
90.4808    -2.70555
90.5769    -2.62001
90.6731    -2.24251
90.7692    -1.91998
90.8654    -1.88482
90.9615    -2.14379
91.0577    -2.49003
91.1538    -2.62818
91.25    -2.34277
91.3462    -1.61755
91.4423    -0.641698
91.5385    0.298289
91.6346    0.978606
91.7308    1.35847
91.8269    1.59093
91.9231    1.91577
92.0192    2.49354
92.1154    3.27576
92.2115    3.99034
92.3077    4.26011
92.4038    3.7987
92.5    2.5819
92.5962    0.899375
92.6923    -0.749586
92.7885    -1.87293
92.8846    -2.21138
92.9808    -1.86066
93.0769    -1.22665
93.1731    -0.831636
93.2692    -1.06225
93.3654    -1.97862
93.4615    -3.27388
93.5577    -4.40115
93.6538    -4.80667
93.75    -4.16221
93.8462    -2.49552
93.9423    -0.170818
94.0385    2.25956
94.1346    4.25719
94.2308    5.4655
94.3269    5.78363
94.4231    5.3367
94.5192    4.37869
94.6154    3.1837
94.7115    1.97079
94.8077    0.878339
94.9038    -0.0247109
95    -0.716203
95.0962    -1.20574
95.1923    -1.52979
95.2885    -1.74628
95.3846    -1.91729
95.4808    -2.0803
95.5769    -2.22165
95.6731    -2.2717
95.7692    -2.13124
95.8654    -1.72089
95.9615    -1.02844
96.0577    -0.126745
96.1538    0.850677
96.25    1.76516
96.3462    2.52885
96.4423    3.12832
96.5385    3.60067
96.6346    3.97576
96.7308    4.22037
96.8269    4.22265
96.9231    3.8341
97.0192    2.95288
97.1154    1.60461
97.2115    -0.0268365
97.3077    -1.64364
97.4038    -2.93854
97.5    -3.71097
97.5962    -3.93608
97.6923    -3.75019
97.7885    -3.35909
97.8846    -2.91724
97.9808    -2.44351
98.0769    -1.8213
98.1731    -0.887065
98.2692    0.437203
98.3654    2.0384
98.4615    3.59505
98.5577    4.66782
98.6538    4.86393
98.75    4.00406
98.8462    2.21679
98.9423    -0.0822282
99.0385    -2.31787
99.1346    -3.93662
99.2308    -4.56979
99.3269    -4.12253
99.4231    -2.76966
99.5192    -0.878338
99.6154    1.10049
99.7115    2.73229
99.8077    3.67087
99.9038    3.7042
100    2.78558
100.096    1.05531
100.192    -1.15791
100.288    -3.37634
100.385    -5.0673
100.481    -5.78222
100.577    -5.30145
100.673    -3.72814
100.769    -1.48336
100.865    0.811501
100.962    2.53133
101.058    3.25229
101.154    2.88611
101.25    1.69078
101.346    0.155556
101.442    -1.1904
101.538    -1.96688
101.635    -2.05575
101.731    -1.60179
101.827    -0.914436
101.923    -0.322735
102.019    -0.0485019
102.115    -0.145153
102.212    -0.514405
102.308    -0.977751
102.404    -1.36102
102.5    -1.55403
102.596    -1.52795
102.692    -1.31669
102.788    -0.983972
102.885    -0.597124
102.981    -0.217478
103.077    0.0975033
103.173    0.292615
103.269    0.323425
103.365    0.174334
103.462    -0.124421
103.558    -0.494394
103.654    -0.828328
103.75    -1.02644
103.846    -1.03418
103.942    -0.863593
104.038    -0.58733
104.135    -0.307839
104.231    -0.115817
104.327    -0.0569287
104.423    -0.1207
104.519    -0.25414
104.615    -0.390954
104.712    -0.481168
104.808    -0.507994
104.904    -0.486811
105    -0.450389
105.096    -0.429985
105.192    -0.441709
105.288    -0.482649
105.385    -0.535422
105.481    -0.576345
105.577    -0.582718
105.673    -0.537528
105.769    -0.432606
105.865    -0.271837
105.962    -0.0742795
106.058    0.12534
106.154    0.28192
106.25    0.352072
106.346    0.309849
106.442    0.159507
106.538    -0.0616397
106.635    -0.293438
106.731    -0.473218
106.827    -0.557894
106.923    -0.538134
107.019    -0.438461
107.115    -0.303912
107.212    -0.180295
107.308    -0.0976358
107.404    -0.0639267
107.5    -0.0701639
107.596    -0.101624
107.692    -0.147629
107.788    -0.204123
107.885    -0.268762
107.981    -0.333374
108.077    -0.380569
108.173    -0.388534
108.269    -0.342503
108.365    -0.246361
108.462    -0.126642
108.558    -0.0247303
108.654    0.0203371
108.75    -0.0096681
108.846    -0.10217
108.942    -0.218164
109.038    -0.309574
109.135    -0.341327
109.231    -0.307198
109.327    -0.231545
109.423    -0.156272
109.519    -0.119857
109.615    -0.139147
109.712    -0.202826
109.808    -0.279161
109.904    -0.333244
110    -0.34445
110.096    -0.315328
110.192    -0.268216
110.288    -0.232386
110.385    -0.229103
110.481    -0.262296
110.577    -0.318776
110.673    -0.376567
110.769    -0.415913
110.865    -0.426947
110.962    -0.410758
111.058    -0.374832
111.154    -0.32682
111.25    -0.270923
111.346    -0.208788
111.442    -0.143463
111.538    -0.0828591
111.635    -0.0394923
111.731    -0.0258065
111.827    -0.0474211
111.923    -0.0983196
112.019    -0.161221
112.115    -0.21361
112.212    -0.23677
112.308    -0.223458
112.404    -0.180517
112.5    -0.125367
112.596    -0.0783078
112.692    -0.0544265
112.788    -0.0586222
112.885    -0.0853105
112.981    -0.121958
113.077    -0.154098
113.173    -0.16954
113.269    -0.160705
113.365    -0.125409
113.462    -0.0670176
113.558    0.0055768
113.654    0.0786458
113.75    0.135971
113.846    0.163268
113.942    0.153668
114.038    0.11189
114.135    0.0544994
114.231    0.00505109
114.327    -0.0145706
114.423    0.00691663
114.519    0.0651764
114.615    0.14178
114.712    0.211831
114.808    0.254211
114.904    0.259665
115    0.23307
115.096    0.189279
115.192    0.145163
115.288    0.112235
115.385    0.0935015
115.481    0.0855301
115.577    0.0836776
115.673    0.0867624
115.769    0.0981094
115.865    0.122389
115.962    0.160473
116.058    0.205933
116.154    0.245912
116.25    0.266471
116.346    0.259655
116.442    0.228206
116.538    0.184939
116.635    0.146696
116.731    0.125902
116.827    0.124239
116.923    0.131983
117.019    0.133486
117.115    0.115988
117.212    0.077053
117.308    0.0266633
117.404    -0.0171729
117.5    -0.0370359
117.596    -0.0245162
117.692    0.0157262
117.788    0.068052
117.885    0.112715
117.981    0.133934
118.077    0.12539
118.173    0.0911078
118.269    0.0422156
118.365    -0.00809031
118.462    -0.0487304
118.558    -0.0726516
118.654    -0.0767403
118.75    -0.061109
118.846    -0.0289747
118.942    0.012786
119.038    0.0534857
119.135    0.0802342
119.231    0.0817147
119.327    0.0529414
119.423    -0.00137727
119.519    -0.0671017
119.615    -0.125194
119.712    -0.158916
119.808    -0.160483
119.904    -0.133955
120    -0.0929431
120.096    -0.0542708
120.192    -0.0307479
120.288    -0.0265407
120.385    -0.0370856
120.481    -0.0530063
120.577    -0.0654718
120.673    -0.0699783
120.769    -0.0668272
120.865    -0.0587399
120.962    -0.0477438
121.058    -0.0336743
121.154    -0.0152941
121.25    0.00695308
121.346    0.0288417
121.442    0.0429437
121.538    0.0421885
121.635    0.0245809
121.731    -0.00388576
121.827    -0.0304094
121.923    -0.0407066
122.019    -0.0260185
122.115    0.0119617
122.212    0.0611676
122.308    0.104569
122.404    0.128284
122.5    0.128149
122.596    0.111256
122.692    0.0916355
122.788    0.0825562
122.885    0.0896998
122.981    0.10898
123.077    0.130043
123.173    0.14321
123.269    0.145651
123.365    0.143051
123.462    0.14576
123.558    0.161726
123.654    0.190553
123.75    0.222459
123.846    0.243121
123.942    0.241866
124.038    0.218523
124.135    0.184812
124.231    0.159062
124.327    0.156861
124.423    0.182644
124.519    0.226868
124.615    0.270504
124.712    0.294563
124.808    0.289623
124.904    0.260345
