-25    0.979492
-24.9038    0.952138
-24.8077    0.917089
-24.7115    0.887936
-24.6154    0.87186
-24.5192    0.864461
-24.4231    0.851006
-24.3269    0.813738
-24.2308    0.741372
-24.1346    0.635533
-24.0385    0.510508
-23.9423    0.386395
-23.8462    0.279384
-23.75    0.194452
-23.6538    0.124335
-23.5577    0.0550515
-23.4615    -0.0253867
-23.3654    -0.120121
-23.2692    -0.222221
-23.1731    -0.319493
-23.0769    -0.402224
-22.9808    -0.469113
-22.8846    -0.52786
-22.7885    -0.590126
-22.6923    -0.663913
-22.5962    -0.747983
-22.5    -0.83169
-22.4038    -0.900378
-22.3077    -0.943227
-22.2115    -0.958944
-22.1154    -0.95598
-22.0192    -0.947143
-21.9231    -0.941792
-21.8269    -0.940198
-21.7308    -0.933414
-21.6346    -0.908756
-21.5385    -0.857719
-21.4423    -0.781701
-21.3462    -0.69215
-21.25    -0.604988
-21.1538    -0.53241
-21.0577    -0.476717
-20.9615    -0.429589
-20.8654    -0.377111
-20.7692    -0.307583
-20.6731    -0.217645
-20.5769    -0.113346
-20.4808    -0.00580334
-20.3846    0.095749
-20.2885    0.189284
-20.1923    0.280536
-20.0962    0.378571
-20    0.489166
-19.9038    0.610103
-19.8077    0.731302
-19.7115    0.839801
-19.6154    0.92661
-19.5192    0.991322
-19.4231    1.04163
-19.3269    1.08794
-19.2308    1.13622
-19.1346    1.18338
-19.0385    1.21803
-18.9423    1.22647
-18.8462    1.2005
-18.75    1.14265
-18.6538    1.06576
-18.5577    0.987004
-18.4615    0.919732
-18.3654    0.867531
-18.2692    0.823814
-18.1731    0.776874
-18.0769    0.717285
-17.9808    0.643218
-17.8846    0.560562
-17.7885    0.477937
-17.6923    0.399779
-17.5962    0.321945
-17.5    0.23288
-17.4038    0.120094
-17.3077    -0.0215193
-17.2115    -0.184329
-17.1154    -0.348946
-17.0192    -0.49151
-16.9231    -0.59375
-16.8269    -0.650695
-16.7308    -0.672109
-16.6346    -0.677021
-16.5385    -0.68433
-16.4423    -0.704381
-16.3462    -0.735574
-16.25    -0.767195
-16.1538    -0.786231
-16.0577    -0.784077
-15.9615    -0.759545
-15.8654    -0.717106
-15.7692    -0.662213
-15.6731    -0.59711
-15.5769    -0.519902
-15.4808    -0.427302
-15.3846    -0.318953
-15.2885    -0.20009
-15.1923    -0.0803536
-15.0962    0.0309073
-15    0.130056
-14.9038    0.221732
-14.8077    0.316455
-14.7115    0.424104
-14.6154    0.546792
-14.5192    0.67539
-14.4231    0.792205
-14.3269    0.87891
-14.2308    0.925723
-14.1346    0.936832
-14.0385    0.928872
-13.9423    0.922898
-13.8462    0.933919
-13.75    0.9634
-13.6538    0.998682
-13.5577    1.01954
-13.4615    1.00827
-13.3654    0.95799
-13.2692    0.874817
-13.1731    0.77321
-13.0769    0.667473
-12.9808    0.564385
-12.8846    0.461029
-12.7885    0.348667
-12.6923    0.21991
-12.5962    0.0745456
-12.5    -0.0796933
-12.4038    -0.231875
-12.3077    -0.375095
-12.2115    -0.511343
-12.1154    -0.650408
-12.0192    -0.80271
-11.9231    -0.96987
-11.8269    -1.1387
-11.7308    -1.28297
-11.6346    -1.3733
-11.5385    -1.3908
-11.4423    -1.33764
-11.3462    -1.23855
-11.25    -1.13156
-11.1538    -1.05179
-11.0577    -1.01568
-10.9615    -1.01336
-10.8654    -1.01299
-10.7692    -0.975021
-10.6731    -0.869921
-10.5769    -0.690792
-10.4808    -0.455441
-10.3846    -0.197319
-10.2885    0.0497578
-10.1923    0.265552
-10.0962    0.449553
-10    0.617051
-9.90385    0.787901
-9.80769    0.9741
-9.71154    1.17235
-9.61538    1.36481
-9.51923    1.52695
-9.42308    1.6378
-9.32692    1.68731
-9.23077    1.67744
-9.13462    1.6172
-9.03846    1.51523
-8.94231    1.37445
-8.84615    1.19217
-8.75    0.965398
-8.65385    0.698321
-8.55769    0.407075
-8.46154    0.118231
-8.36538    -0.139469
-8.26923    -0.346885
-8.17308    -0.504152
-8.07692    -0.632924
-7.98077    -0.76886
-7.88462    -0.946462
-7.78846    -1.18226
-7.69231    -1.46382
-7.59615    -1.75012
-7.5    -1.98428
-7.40385    -2.11405
-7.30769    -2.11184
-7.21154    -1.98541
-7.11538    -1.77421
-7.01923    -1.53254
-6.92308    -1.30645
-6.82692    -1.11487
-6.73077    -0.943493
-6.63462    -0.754471
-6.53846    -0.507412
-6.44231    -0.181609
-6.34615    0.211399
-6.25    0.631316
-6.15385    1.02697
-6.05769    1.35944
-5.96154    1.61832
-5.86538    1.8221
-5.76923    2.00221
-5.67308    2.17914
-5.57692    2.34431
-5.48077    2.45907
-5.38462    2.47328
-5.28846    2.35487
-5.19231    2.11425
-5.09615    1.8083
-5    1.51842
-4.90385    1.31114
-4.80769    1.20104
-4.71154    1.13706
-4.61538    1.02333
-4.51923    0.768343
-4.42308    0.339645
-4.32692    -0.204608
-4.23077    -0.7275
-4.13462    -1.06837
-4.03846    -1.11824
-3.94231    -0.879586
-3.84615    -0.478616
-3.75    -0.118923
-3.65385    0.00603353
-3.55769    -0.197768
-3.46154    -0.677049
-3.36538    -1.25048
-3.26923    -1.68914
-3.17308    -1.82193
-3.07692    -1.61571
-2.98077    -1.19042
-2.88462    -0.760075
-2.78846    -0.526966
-2.69231    -0.580206
-2.59615    -0.849273
-2.5    -1.13708
-2.40385    -1.21826
-2.30769    -0.955721
-2.21154    -0.378221
-2.11538    0.320233
-2.01923    0.861037
-1.92308    1.00488
-1.82692    0.661145
-1.73077    -0.0678771
-1.63462    -0.927381
-1.53846    -1.61468
-1.44231    -1.89892
-1.34615    -1.70247
-1.25    -1.11203
-1.15385    -0.322466
-1.05769    0.453046
-0.961538    1.0614
-0.865385    1.44356
-0.769231    1.61823
-0.673077    1.63601
-0.576923    1.5367
-0.480769    1.33448
-0.384615    1.034
-0.288462    0.659003
-0.192308    0.267121
-0.0961538    -0.0659174
1.45661e-13    -0.28727
0.0961538    -0.408049
0.192308    -0.514317
0.288462    -0.732268
0.384615    -1.15861
0.480769    -1.79097
0.576923    -2.49928
0.673077    -3.06174
0.769231    -3.2561
0.865385    -2.96516
0.961538    -2.24307
1.05769    -1.30458
1.15385    -0.43658
1.25    0.128731
1.34615    0.317303
1.44231    0.240848
1.53846    0.132593
1.63462    0.221597
1.73077    0.608122
1.82692    1.20324
1.92308    1.76403
2.01923    2.00757
2.11538    1.74688
2.21154    0.981709
2.30769    -0.0992488
2.40385    -1.20189
2.5    -2.05023
2.59615    -2.48626
2.69231    -2.49964
2.78846    -2.18189
2.88462    -1.64286
2.98077    -0.946264
3.07692    -0.106554
3.17308    0.851861
3.26923    1.81549
3.36538    2.54489
3.46154    2.7244
3.55769    2.09431
3.65385    0.607992
3.75    -1.47134
3.84615    -3.6029
3.94231    -5.1405
4.03846    -5.58423
4.13462    -4.80203
4.23077    -3.11324
4.32692    -1.18154
4.42308    0.248974
4.51923    0.665349
4.61538    0.00767004
4.71154    -1.30033
4.80769    -2.52926
4.90385    -2.95413
5    -2.16032
5.09615    -0.212882
5.19231    2.38026
5.28846    4.88628
5.38462    6.64305
5.48077    7.30018
5.57692    6.90704
5.67308    5.82548
5.76923    4.52619
5.86538    3.37434
5.96154    2.50352
6.05769    1.82346
6.15385    1.13748
6.25    0.294244
6.34615    -0.709902
6.44231    -1.727
6.53846    -2.54441
6.63462    -3.00725
6.73077    -3.10615
6.82692    -2.98361
6.92308    -2.85863
7.01923    -2.91338
7.11538    -3.20349
7.21154    -3.638
7.30769    -4.03557
7.40385    -4.22299
7.5    -4.12199
7.59615    -3.7797
7.69231    -3.33106
7.78846    -2.9187
7.88462    -2.61726
7.98077    -2.40371
8.07692    -2.18761
8.17308    -1.88074
8.26923    -1.46341
8.36538    -1.00675
8.46154    -0.635096
8.55769    -0.446591
8.65385    -0.434608
8.75    -0.455743
8.84615    -0.268545
8.94231    0.367171
9.03846    1.57143
9.13462    3.25864
9.23077    5.12645
9.32692    6.72898
9.42308    7.60963
9.51923    7.4448
9.61538    6.14641
9.71154    3.88894
9.80769    1.05598
9.90385    -1.86975
10    -4.43178
10.0962    -6.29986
10.1923    -7.31797
10.2885    -7.49599
10.3846    -6.96063
10.4808    -5.89184
10.5769    -4.47015
10.6731    -2.84962
10.7692    -1.15704
10.8654    0.494483
10.9615    1.99335
11.0577    3.23086
11.1538    4.11779
11.25    4.60714
11.3462    4.70837
11.4423    4.48154
11.5385    4.01053
11.6346    3.36769
11.7308    2.5901
11.8269    1.68474
11.9231    0.665259
12.0192    -0.396486
12.1154    -1.33593
12.2115    -1.90927
12.3077    -1.86734
12.4038    -1.0712
12.5    0.397791
12.5962    2.19108
12.6923    3.74975
12.7885    4.46407
12.8846    3.88644
12.9808    1.91511
13.0769    -1.13266
13.1731    -4.60038
13.2692    -7.70479
13.3654    -9.80201
13.4615    -10.6014
13.5577    -10.2399
13.6538    -9.18909
13.75    -8.03875
13.8462    -7.25335
13.9423    -7.00732
14.0385    -7.1635
14.1346    -7.39145
14.2308    -7.35763
14.3269    -6.89067
14.4231    -6.04378
14.5192    -5.03336
14.6154    -4.09616
14.7115    -3.34758
14.8077    -2.71797
14.9038    -1.99982
15    -0.977818
15.0962    0.430498
15.1923    2.10026
15.2885    3.73228
15.3846    4.97742
15.4808    5.58825
15.5769    5.52034
15.6731    4.93311
15.7692    4.09285
15.8654    3.23155
15.9615    2.43646
16.0577    1.62725
16.1538    0.630037
16.25    -0.693509
16.3462    -2.33224
16.4423    -4.08788
16.5385    -5.63437
16.6346    -6.64501
16.7308    -6.92432
16.8269    -6.48137
16.9231    -5.51253
17.0192    -4.30745
17.1154    -3.12873
17.2115    -2.12436
17.3077    -1.31102
17.4038    -0.627624
17.5    -0.0230827
17.5962    0.4726
17.6923    0.732617
17.7885    0.581675
17.8846    -0.115529
17.9808    -1.36812
18.0769    -3.01509
18.1731    -4.74352
18.2692    -6.16257
18.3654    -6.90671
18.4615    -6.7343
18.5577    -5.59329
18.6538    -3.63907
18.75    -1.20266
18.8462    1.28114
18.9423    3.3698
19.0385    4.71197
19.1346    5.12598
19.2308    4.63634
19.3269    3.4555
19.4231    1.91377
19.5192    0.359283
19.6154    -0.937531
19.7115    -1.84028
19.8077    -2.34516
19.9038    -2.52904
20    -2.47786
20.0962    -2.235
20.1923    -1.79666
20.2885    -1.15376
20.3846    -0.350361
20.4808    0.484334
20.5769    1.1619
20.6731    1.51761
20.7692    1.51256
20.8654    1.29737
20.9615    1.18977
21.0577    1.55714
21.1538    2.64456
21.25    4.42358
21.3462    6.53773
21.4423    8.3832
21.5385    9.30445
21.6346    8.83071
21.7308    6.8579
21.8269    3.70147
21.9231    -0.000335653
22.0192    -3.49112
22.1154    -6.12615
22.2115    -7.54106
22.3077    -7.70686
22.4038    -6.86989
22.5    -5.42006
22.5962    -3.74951
22.6923    -2.15248
22.7885    -0.787743
22.8846    0.306105
22.9808    1.16809
23.0769    1.8695
23.1731    2.47743
23.2692    3.02746
23.3654    3.5035
23.4615    3.82873
23.5577    3.87815
23.6538    3.52053
23.75    2.68353
23.8462    1.41666
23.9423    -0.0833963
24.0385    -1.51201
24.1346    -2.55896
24.2308    -3.03697
24.3269    -2.97687
24.4231    -2.63488
24.5192    -2.39378
24.6154    -2.59071
24.7115    -3.34555
24.8077    -4.47207
24.9038    -5.52161
25    -5.94991
25.0962    -5.33935
25.1923    -3.58078
25.2885    -0.935895
25.3846    2.04518
25.4808    4.71209
25.5769    6.52511
25.6731    7.2028
25.7692    6.75696
25.8654    5.4212
25.9615    3.52496
26.0577    1.37851
26.1538    -0.785298
26.25    -2.80705
26.3462    -4.56283
26.4423    -5.93238
26.5385    -6.79821
26.6346    -7.07254
26.7308    -6.72759
26.8269    -5.80406
26.9231    -4.39129
27.0192    -2.59638
27.1154    -0.530875
27.2115    1.66888
27.3077    3.7999
27.4038    5.5676
27.5    6.61962
27.5962    6.65261
27.6923    5.5602
27.7885    3.55071
27.8846    1.1583
27.9808    -0.889905
28.0769    -1.91947
28.1731    -1.57155
28.2692    0.036365
28.3654    2.33595
28.4615    4.52278
28.5577    5.87301
28.6538    6.02237
28.75    5.08189
28.8462    3.54087
28.9423    2.00936
29.0385    0.928916
29.1346    0.392179
29.2308    0.152904
29.3269    -0.190755
29.4231    -0.944695
29.5192    -2.13515
29.6154    -3.48802
29.7115    -4.57664
29.8077    -5.05258
29.9038    -4.83165
30    -4.13374
30.0962    -3.35666
30.1923    -2.85471
30.2885    -2.74385
30.3846    -2.84002
30.4808    -2.76389
30.5769    -2.15525
30.6731    -0.881451
30.7692    0.871446
30.8654    2.67215
30.9615    4.04191
31.0577    4.67142
31.1538    4.54482
31.25    3.91165
31.3462    3.13009
31.4423    2.47222
31.5385    1.99812
31.6346    1.56348
31.7308    0.950132
31.8269    0.0416824
31.9231    -1.05669
32.0192    -2.02273
32.1154    -2.44656
32.2115    -2.01933
32.3077    -0.686262
32.4038    1.31014
32.5    3.51257
32.5962    5.41183
32.6923    6.61126
32.7885    6.92327
32.8846    6.37192
32.9808    5.12496
33.0769    3.4077
33.1731    1.44596
33.2692    -0.545816
33.3654    -2.35069
33.4615    -3.74526
33.5577    -4.5306
33.6538    -4.59292
33.75    -3.96121
33.8462    -2.82186
33.9423    -1.47041
34.0385    -0.215217
34.1346    0.723072
34.2308    1.26753
34.3269    1.47093
34.4231    1.44382
34.5192    1.26796
34.6154    0.943636
34.7115    0.398114
34.8077    -0.454462
34.9038    -1.63972
35    -3.07932
35.0962    -4.59893
35.1923    -5.97763
35.2885    -7.00576
35.3846    -7.51885
35.4808    -7.39838
35.5769    -6.5589
35.6731    -4.95433
35.7692    -2.62294
35.8654    0.243455
35.9615    3.25291
36.0577    5.843
36.1538    7.41074
36.25    7.51236
36.3462    6.05233
36.4423    3.36796
36.5385    0.151762
36.6346    -2.77184
36.7308    -4.72575
36.8269    -5.39213
36.9231    -4.86285
37.0192    -3.51376
37.1154    -1.77732
37.2115    0.0612537
37.3077    1.93803
37.4038    3.92671
37.5    6.0663
37.5962    8.22627
37.6923    10.1164
37.7885    11.4581
37.8846    12.2212
37.9808    12.7588
38.0769    13.7012
38.1731    15.5852
38.2692    18.3617
38.3654    21.0354
38.4615    21.6936
38.5577    18.0357
38.6538    8.29054
38.75    -7.81125
38.8462    -28.4327
38.9423    -49.7265
39.0385    -66.7141
39.1346    -74.7116
39.2308    -70.8263
39.3269    -54.9806
39.4231    -30.0779
39.5192    -1.23076
39.6154    25.6799
39.7115    45.6187
39.8077    55.6419
39.9038    55.4083
40    46.8722
40.0962    33.3707
40.1923    18.4952
40.2885    5.14663
40.3846    -4.96596
40.4808    -11.3354
40.5769    -14.3133
40.6731    -14.6458
40.7692    -13.0961
40.8654    -10.2609
40.9615    -6.57034
41.0577    -2.37869
41.1538    1.95621
41.25    6.06257
41.3462    9.60646
41.4423    12.3536
41.5385    14.1857
41.6346    15.0519
41.7308    14.8828
41.8269    13.5271
41.9231    10.7652
42.0192    6.41784
42.1154    0.513579
42.2115    -6.559
42.3077    -13.9957
42.4038    -20.6673
42.5    -25.3514
42.5962    -27.0413
42.6923    -25.2376
42.7885    -20.1218
42.8846    -12.5555
42.9808    -3.89667
43.0769    4.31324
43.1731    10.7019
43.2692    14.3615
43.3654    15.0108
43.4615    12.9948
43.5577    9.13592
43.6538    4.49501
43.75    0.113513
43.8462    -3.1963
43.9423    -4.97061
44.0385    -5.11291
44.1346    -3.83077
44.2308    -1.52573
44.3269    1.32583
44.4231    4.27122
44.5192    6.94345
44.6154    9.08381
44.7115    10.5319
44.8077    11.1954
44.9038    11.0159
45    9.94481
45.0962    7.94471
45.1923    5.01874
45.2885    1.26265
45.3846    -3.08204
45.4808    -7.6024
45.5769    -11.7417
45.6731    -14.8894
45.7692    -16.5169
45.8654    -16.3188
45.9615    -14.3083
46.0577    -10.8276
46.1538    -6.4631
46.25    -1.89188
46.3462    2.2851
46.4423    5.66614
46.5385    8.09009
46.6346    9.59533
46.7308    10.3296
46.8269    10.4591
46.9231    10.1156
47.0192    9.39123
47.1154    8.36369
47.2115    7.11789
47.3077    5.74165
47.4038    4.2961
47.5    2.78562
47.5962    1.15876
47.6923    -0.645582
47.7885    -2.62347
47.8846    -4.64577
47.9808    -6.45751
48.0769    -7.75497
48.1731    -8.31402
48.2692    -8.10668
48.3654    -7.33764
48.4615    -6.36624
48.5577    -5.53949
48.6538    -5.01488
48.75    -4.66861
48.8462    -4.14987
48.9423    -3.06932
49.0385    -1.23517
49.1346    1.18482
49.2308    3.67072
49.3269    5.54228
49.4231    6.25499
49.5192    5.65989
49.6154    4.09465
49.7115    2.25133
49.8077    0.875957
49.9038    0.441858
50    0.956094
50.0962    1.99452
50.1923    2.94671
50.2885    3.3449
50.3846    3.10681
50.4808    2.56579
50.5769    2.27104
50.6731    2.6613
50.7692    3.78335
50.8654    5.20684
50.9615    6.18814
51.0577    6.00846
51.1538    4.3211
51.25    1.33619
51.3462    -2.2483
51.4423    -5.53495
51.5385    -7.79318
51.6346    -8.72877
51.7308    -8.53634
51.8269    -7.72704
51.9231    -6.83486
52.0192    -6.15751
52.1154    -5.65793
52.2115    -5.05939
52.3077    -4.06306
52.4038    -2.557
52.5    -0.699892
52.5962    1.16076
52.6923    2.68067
52.7885    3.70606
52.8846    4.34709
52.9808    4.89576
53.0769    5.63563
53.1731    6.65205
53.2692    7.75129
53.3654    8.53637
53.4615    8.60078
53.5577    7.73706
53.6538    6.04946
53.75    3.91257
53.8462    1.80036
53.9423    0.0777675
54.0385    -1.13738
54.1346    -1.97617
54.2308    -2.69431
54.3269    -3.49832
54.4231    -4.4205
54.5192    -5.30763
54.6154    -5.92069
54.7115    -6.08052
54.8077    -5.77113
54.9038    -5.14152
55    -4.40879
55.0962    -3.72443
55.1923    -3.08771
55.2885    -2.36184
55.3846    -1.38723
55.4808    -0.126214
55.5769    1.24925
55.6731    2.38823
55.7692    2.90662
55.8654    2.5797
55.9615    1.48206
56.0577    -0.00260607
56.1538    -1.31571
56.25    -1.94386
56.3462    -1.62353
56.4423    -0.437052
56.5385    1.23881
56.6346    2.89988
56.7308    4.11338
56.8269    4.65806
56.9231    4.55306
57.0192    3.98291
57.1154    3.17528
57.2115    2.30147
57.3077    1.44474
57.4038    0.635046
57.5    -0.090082
57.5962    -0.649097
57.6923    -0.932371
57.7885    -0.859694
57.8846    -0.43814
57.9808    0.223456
58.0769    0.960199
58.1731    1.63394
58.2692    2.20234
58.3654    2.72629
58.4615    3.30184
58.5577    3.94973
58.6538    4.52827
58.75    4.73185
58.8462    4.19739
58.9423    2.68252
59.0385    0.23371
59.1346    -2.74415
59.2308    -5.56677
59.3269    -7.48093
59.4231    -7.9263
59.5192    -6.74048
59.6154    -4.22145
59.7115    -1.02306
59.8077    2.06901
59.9038    4.38584
60    5.55063
60.0962    5.52456
60.1923    4.52919
60.2885    2.90361
60.3846    0.972687
60.4808    -1.01908
60.5769    -2.89867
60.6731    -4.5149
60.7692    -5.69992
60.8654    -6.27952
60.9615    -6.13267
61.0577    -5.26519
61.1538    -3.84756
61.25    -2.18317
61.3462    -0.610687
61.4423    0.618122
61.5385    1.4262
61.6346    1.91989
61.7308    2.31192
61.8269    2.79537
61.9231    3.43079
62.0192    4.10281
62.1154    4.56888
62.2115    4.57665
62.3077    3.99341
62.4038    2.88474
62.5    1.505
62.5962    0.204607
62.6923    -0.702147
62.7885    -1.04873
62.8846    -0.860758
62.9808    -0.320908
63.0769    0.320235
63.1731    0.839914
63.2692    1.10159
63.3654    1.05733
63.4615    0.707947
63.5577    0.0565007
63.6538    -0.908941
63.75    -2.18835
63.8462    -3.71335
63.9423    -5.29834
64.0385    -6.63781
64.1346    -7.36836
64.2308    -7.18141
64.3269    -5.94413
64.4231    -3.77641
64.5192    -1.04637
64.6154    1.72092
64.7115    3.99075
64.8077    5.36934
64.9038    5.70441
65    5.10438
65.0962    3.87754
65.1923    2.4212
65.2885    1.10436
65.3846    0.182008
65.4808    -0.240188
65.5769    -0.194041
65.6731    0.191855
65.7692    0.740233
65.8654    1.26635
65.9615    1.60843
66.0577    1.6506
66.1538    1.34201
66.25    0.710709
66.3462    -0.134039
66.4423    -1.01843
66.5385    -1.74138
66.6346    -2.12502
66.7308    -2.06358
66.8269    -1.55396
66.9231    -0.697343
67.0192    0.328277
67.1154    1.31471
67.2115    2.07377
67.3077    2.47706
67.4038    2.47695
67.5    2.10768
67.5962    1.47006
67.6923    0.704587
67.7885    -0.041656
67.8846    -0.649066
67.9808    -1.0528
68.0769    -1.2542
68.1731    -1.3089
68.2692    -1.29172
68.3654    -1.24922
68.4615    -1.16123
68.5577    -0.933618
68.6538    -0.434751
68.75    0.432632
68.8462    1.65352
68.9423    3.05662
69.0385    4.33563
69.1346    5.1402
69.2308    5.20638
69.3269    4.47156
69.4231    3.11769
69.5192    1.51413
69.6154    0.0762339
69.7115    -0.901904
69.8077    -1.36465
69.9038    -1.50449
70    -1.65449
70.0962    -2.11025
70.1923    -2.96443
70.2885    -4.03533
70.3846    -4.92899
70.4808    -5.21139
70.5769    -4.61347
70.6731    -3.17318
70.7692    -1.24589
70.8654    0.624998
70.9615    1.92131
71.0577    2.35257
71.1538    1.96007
71.25    1.08123
71.3462    0.197296
71.4423    -0.262926
71.5385    -0.0774878
71.6346    0.714878
71.7308    1.86878
71.8269    3.05292
71.9231    3.97426
72.0192    4.4537
72.1154    4.43659
72.2115    3.95788
72.3077    3.09982
72.4038    1.97185
72.5    0.716383
72.5962    -0.481419
72.6923    -1.40881
72.7885    -1.87887
72.8846    -1.80587
72.9808    -1.26227
73.0769    -0.476128
73.1731    0.247155
73.2692    0.653928
73.3654    0.66454
73.4615    0.425064
73.5577    0.253071
73.6538    0.492076
73.75    1.33664
73.8462    2.70978
73.9423    4.25459
74.0385    5.45131
74.1346    5.81293
74.2308    5.07611
74.3269    3.30637
74.4231    0.875941
74.5192    -1.67018
74.6154    -3.79785
74.7115    -5.13965
74.8077    -5.56678
74.9038    -5.16511
75    -4.14709
75.0962    -2.75373
75.1923    -1.1932
75.2885    0.367242
75.3846    1.77285
75.4808    2.85273
75.5769    3.42314
75.6731    3.33199
75.7692    2.52586
75.8654    1.10448
75.9615    -0.670429
76.0577    -2.42492
76.1538    -3.76797
76.25    -4.39944
76.3462    -4.19307
76.4423    -3.22758
76.5385    -1.75798
76.6346    -0.13866
76.7308    1.27725
76.8269    2.23375
76.9231    2.6374
77.0192    2.57489
77.1154    2.27633
77.2115    2.0322
77.3077    2.08684
77.4038    2.54296
77.5    3.31405
77.5962    4.14888
77.6923    4.72657
77.7885    4.78969
77.8846    4.26054
77.9808    3.28605
78.0769    2.18281
78.1731    1.29823
78.2692    0.845677
78.3654    0.790962
78.4615    0.850059
78.5577    0.609706
78.6538    -0.276278
78.75    -1.90276
78.8462    -4.02969
78.9423    -6.14564
79.0385    -7.65778
79.1346    -8.12798
79.2308    -7.45065
79.3269    -5.89313
79.4231    -3.98199
79.5192    -2.28801
79.6154    -1.20699
79.7115    -0.830355
79.8077    -0.953607
79.9038    -1.20472
80    -1.22238
80.0962    -0.799275
80.1923    0.0669611
80.2885    1.22041
80.3846    2.44835
80.4808    3.57479
80.5769    4.49916
80.6731    5.17284
80.7692    5.54516
80.8654    5.52688
80.9615    5.00508
81.0577    3.90816
81.1538    2.28543
81.25    0.351845
81.3462    -1.53644
81.4423    -2.97532
81.5385    -3.63873
81.6346    -3.38477
81.7308    -2.29915
81.8269    -0.663527
81.9231    1.13121
82.0192    2.68763
82.1154    3.68483
82.2115    3.92515
82.3077    3.34942
82.4038    2.03556
82.5    0.189617
82.5962    -1.87505
82.6923    -3.78381
82.7885    -5.17932
82.8846    -5.8196
82.9808    -5.66044
83.0769    -4.87927
83.1731    -3.81453
83.2692    -2.83162
83.3654    -2.16734
83.4615    -1.824
83.5577    -1.57007
83.6538    -1.05731
83.75    -0.0066291
83.8462    1.62357
83.9423    3.57162
84.0385    5.34936
84.1346    6.43394
84.2308    6.48971
84.3269    5.51747
84.4231    3.85987
84.5192    2.05917
84.6154    0.632292
84.7115    -0.133671
84.8077    -0.274701
84.9038    -0.0955161
85    -0.00129041
85.0962    -0.299462
85.1923    -1.06346
85.2885    -2.11424
85.3846    -3.11615
85.4808    -3.73179
85.5769    -3.75988
85.6731    -3.19817
85.7692    -2.21625
85.8654    -1.06684
85.9615    0.013092
86.0577    0.866539
86.1538    1.42842
86.25    1.69838
86.3462    1.70406
86.4423    1.48032
86.5385    1.0717
86.6346    0.546334
86.7308    0.00189971
86.8269    -0.448287
86.9231    -0.705338
87.0192    -0.71495
87.1154    -0.48097
87.2115    -0.0568295
87.3077    0.476107
87.4038    1.02688
87.5    1.49921
87.5962    1.78566
87.6923    1.76907
87.7885    1.34886
87.8846    0.494338
87.9808    -0.696541
88.0769    -1.9713
88.1731    -2.96396
88.2692    -3.30899
88.3654    -2.79384
88.4615    -1.48482
88.5577    0.241348
88.6538    1.79491
88.75    2.5775
88.8462    2.21844
88.9423    0.744138
89.0385    -1.39731
89.1346    -3.47577
89.2308    -4.7332
89.3269    -4.65313
89.4231    -3.14115
89.5192    -0.550746
89.6154    2.44527
89.7115    5.07821
89.8077    6.71245
89.9038    7.0022
90    5.93948
90.0962    3.80442
90.1923    1.06018
90.2885    -1.76104
90.3846    -4.15271
90.4808    -5.70456
90.5769    -6.15787
90.6731    -5.45012
90.7692    -3.73986
90.8654    -1.39176
90.9615    1.09365
91.0577    3.19945
91.1538    4.52809
91.25    4.90436
91.3462    4.40358
91.4423    3.29316
91.5385    1.91398
91.6346    0.55568
91.7308    -0.620094
91.8269    -1.58101
91.9231    -2.36303
92.0192    -2.99146
92.1154    -3.43391
92.2115    -3.61201
92.3077    -3.4604
92.4038    -2.99124
92.5    -2.31739
92.5962    -1.61175
92.6923    -1.02005
92.7885    -0.576219
92.8846    -0.173514
92.9808    0.382745
93.0769    1.2605
93.1731    2.4819
93.2692    3.86584
93.3654    5.06995
93.4615    5.71985
93.5577    5.56643
93.6538    4.59517
93.75    3.03378
93.8462    1.25518
93.9423    -0.374624
94.0385    -1.62819
94.1346    -2.46565
94.2308    -2.98543
94.3269    -3.31368
94.4231    -3.50082
94.5192    -3.48589
94.6154    -3.14804
94.7115    -2.41239
94.8077    -1.34412
94.9038    -0.169255
95    0.799456
95.0962    1.29882
95.1923    1.24333
95.2885    0.77457
95.3846    0.200005
95.4808    -0.152783
95.5769    -0.0949102
95.6731    0.332727
95.7692    0.883637
95.8654    1.23423
95.9615    1.1521
96.0577    0.618973
96.1538    -0.153972
96.25    -0.826126
96.3462    -1.09241
96.4423    -0.830886
96.5385    -0.160501
96.6346    0.617884
96.7308    1.16603
96.8269    1.26664
96.9231    0.919565
97.0192    0.332654
97.1154    -0.183517
97.2115    -0.363353
97.3077    -0.106054
97.4038    0.484886
97.5    1.1541
97.5962    1.60792
97.6923    1.6343
97.7885    1.17834
97.8846    0.348397
97.9808    -0.638722
98.0769    -1.54129
98.1731    -2.16766
98.2692    -2.41804
98.3654    -2.28833
98.4615    -1.84795
98.5577    -1.20896
98.6538    -0.498664
98.75    0.161193
98.8462    0.671864
98.9423    0.974483
99.0385    1.06371
99.1346    0.990546
99.2308    0.84744
99.3269    0.735674
99.4231    0.725401
99.5192    0.824991
99.6154    0.974894
99.7115    1.07104
99.8077    1.00903
99.9038    0.730217
100    0.249206
100.096    -0.348531
100.192    -0.93683
100.288    -1.39215
100.385    -1.63111
100.481    -1.62824
100.577    -1.41087
100.673    -1.03865
100.769    -0.580567
100.865    -0.0996161
100.962    0.351677
101.058    0.729195
101.154    0.995841
101.25    1.12547
101.346    1.11106
101.442    0.97108
101.538    0.747812
101.635    0.495254
101.731    0.261027
101.827    0.0708115
101.923    -0.0765496
102.019    -0.20062
102.115    -0.322179
102.212    -0.446794
102.308    -0.558302
102.404    -0.625865
102.5    -0.620689
102.596    -0.533111
102.692    -0.380569
102.788    -0.202014
102.885    -0.0416842
102.981    0.0692262
103.077    0.123674
103.173    0.137548
103.269    0.137768
103.365    0.146785
103.462    0.171845
103.558    0.204036
103.654    0.226378
103.75    0.22538
103.846    0.199151
103.942    0.157835
104.038    0.116945
104.135    0.0882151
104.231    0.0736113
104.327    0.0658142
104.423    0.0543493
104.519    0.0332208
104.615    0.00523348
104.712    -0.0195689
104.808    -0.0302644
104.904    -0.0222766
105    -0.00110817
105.096    0.0196428
105.192    0.0248969
105.288    0.00571491
105.385    -0.0360846
105.481    -0.0884987
105.577    -0.134461
105.673    -0.158673
105.769    -0.152875
105.865    -0.117603
105.962    -0.0605368
106.058    0.00690223
106.154    0.0727878
106.25    0.126746
106.346    0.16099
106.442    0.17108
106.538    0.15685
106.635    0.123047
106.731    0.0787555
106.827    0.0349474
106.923    0.000685281
107.019    -0.0203557
107.115    -0.0310706
107.212    -0.03882
107.308    -0.0508654
107.404    -0.0697605
107.5    -0.0913956
107.596    -0.107042
107.692    -0.10843
107.788    -0.092982
107.885    -0.0660067
107.981    -0.0382873
108.077    -0.0201829
108.173    -0.0155554
108.269    -0.0191712
108.365    -0.0193918
108.462    -0.00493706
108.558    0.027963
108.654    0.0721493
108.75    0.112013
108.846    0.130765
108.942    0.118663
109.038    0.0777796
109.135    0.0208016
109.231    -0.0352803
109.327    -0.0769607
109.423    -0.0991715
109.519    -0.104963
109.615    -0.100729
109.712    -0.0904598
109.808    -0.0729639
109.904    -0.0439738
110    -0.00174412
110.096    0.0477548
110.192    0.0900571
110.288    0.107364
110.385    0.0874926
110.481    0.0317855
110.577    -0.0428379
110.673    -0.109599
110.769    -0.143061
110.865    -0.130348
110.962    -0.0766706
111.058    -0.00233577
111.154    0.0670967
111.25    0.112273
111.346    0.127207
111.442    0.118806
111.538    0.099804
111.635    0.0797256
111.731    0.0593924
111.827    0.0320795
111.923    -0.00968722
112.019    -0.066181
112.115    -0.126609
112.212    -0.17217
112.308    -0.184744
112.404    -0.156469
112.5    -0.0947541
112.596    -0.0197114
112.692    0.0448228
112.788    0.0819456
112.885    0.0884367
112.981    0.0742778
113.077    0.0556751
113.173    0.0458167
113.269    0.0485501
113.365    0.0581477
113.462    0.0646045
113.558    0.0607453
113.654    0.0466412
113.75    0.0288036
113.846    0.0150535
113.942    0.0086997
114.038    0.00601886
114.135    -0.00116744
114.231    -0.0193946
114.327    -0.0479201
114.423    -0.0774376
114.519    -0.094419
114.615    -0.0888122
114.712    -0.0605258
114.808    -0.0205766
114.904    0.0141988
115    0.030106
115.096    0.024105
115.192    0.0053701
115.288    -0.0102395
115.385    -0.00976279
115.481    0.0087864
115.577    0.0347146
115.673    0.0505783
115.769    0.0425386
115.865    0.00920642
115.962    -0.0362813
116.058    -0.0724494
116.154    -0.0806944
116.25    -0.0553128
116.346    -0.00669601
116.442    0.0441471
116.538    0.0766829
116.635    0.0813348
116.731    0.0635244
116.827    0.0391902
116.923    0.0246231
117.019    0.0267035
117.115    0.0392923
117.212    0.0478253
117.308    0.0392431
117.404    0.0111669
117.5    -0.0253927
117.596    -0.0517096
117.692    -0.0523027
117.788    -0.024805
117.885    0.017229
117.981    0.0506144
118.077    0.0547399
118.173    0.0230017
118.269    -0.0329496
118.365    -0.0886407
118.462    -0.119013
118.558    -0.110834
118.654    -0.0686378
118.75    -0.0112462
118.846    0.0388142
118.942    0.0668355
119.038    0.0720147
119.135    0.065118
119.231    0.0597359
119.327    0.0627817
119.423    0.0700822
119.519    0.0696208
119.615    0.0502338
119.712    0.0101966
119.808    -0.0398253
119.904    -0.0815698
120    -0.0990875
120.096    -0.08792
120.192    -0.0579647
120.288    -0.0280772
120.385    -0.0153447
120.481    -0.0252087
120.577    -0.0482592
120.673    -0.0657231
120.769    -0.0606084
120.865    -0.0281051
120.962    0.0208329
121.058    0.0649281
121.154    0.0840573
121.25    0.0702737
121.346    0.0321071
121.442    -0.0102882
121.538    -0.036334
121.635    -0.0361665
121.731    -0.0154121
121.827    0.00896439
121.923    0.0191279
122.019    0.0069451
122.115    -0.0214937
122.212    -0.0499067
122.308    -0.0618388
122.404    -0.050592
122.5    -0.0231173
122.596    0.0044253
122.692    0.0167181
122.788    0.00883058
122.885    -0.0105955
122.981    -0.0245955
123.077    -0.0185596
123.173    0.0100293
123.269    0.0487844
123.365    0.0765546
123.462    0.0752734
123.558    0.0407974
123.654    -0.0136106
123.75    -0.0634196
123.846    -0.0853886
123.942    -0.0696435
124.038    -0.0245827
124.135    0.0280498
124.231    0.0650482
124.327    0.0738405
124.423    0.0580616
124.519    0.0337329
124.615    0.0186259
124.712    0.0212681
124.808    0.0361081
124.904    0.04761
