-25    1.14331
-24.9038    1.04063
-24.8077    0.911225
-24.7115    0.78275
-24.6154    0.67729
-24.5192    0.600241
-24.4231    0.538461
-24.3269    0.468587
-24.2308    0.37073
-24.1346    0.239803
-24.0385    0.0882101
-23.9423    -0.0613969
-23.8462    -0.188895
-23.75    -0.287558
-23.6538    -0.366823
-23.5577    -0.445538
-23.4615    -0.539874
-23.3654    -0.653066
-23.2692    -0.773034
-23.1731    -0.879199
-23.0769    -0.954411
-22.9808    -0.994894
-22.8846    -1.01231
-22.7885    -1.02671
-22.6923    -1.05441
-22.5962    -1.09798
-22.5    -1.14413
-22.4038    -1.17068
-22.3077    -1.15871
-22.2115    -1.10274
-22.1154    -1.01329
-22.0192    -0.910403
-21.9231    -0.812258
-21.8269    -0.725562
-21.7308    -0.643221
-21.6346    -0.55043
-21.5385    -0.435155
-21.4423    -0.296522
-21.3462    -0.145953
-21.25    -0.000463363
-21.1538    0.127642
-21.0577    0.238153
-20.9615    0.342652
-20.8654    0.456502
-20.7692    0.587948
-20.6731    0.731175
-20.5769    0.867956
-20.4808    0.977413
-20.3846    1.04832
-20.2885    1.08652
-20.1923    1.11244
-20.0962    1.14964
-20    1.21036
-19.9038    1.2866
-19.8077    1.35205
-19.7115    1.37462
-19.6154    1.33278
-19.5192    1.22701
-19.4231    1.07989
-19.3269    0.924774
-19.2308    0.789148
-19.1346    0.681942
-19.0385    0.591378
-18.9423    0.494141
-18.8462    0.370135
-18.75    0.214152
-18.6538    0.0378763
-18.5577    -0.138471
-18.4615    -0.299353
-18.3654    -0.443655
-18.2692    -0.58484
-18.1731    -0.741286
-18.0769    -0.922697
-17.9808    -1.12104
-17.8846    -1.31197
-17.7885    -1.46641
-17.6923    -1.56593
-17.5962    -1.61272
-17.5    -1.62812
-17.4038    -1.64013
-17.3077    -1.66672
-17.2115    -1.70473
-17.1154    -1.73083
-17.0192    -1.7145
-16.9231    -1.63553
-16.8269    -1.49622
-16.7308    -1.32105
-16.6346    -1.14379
-16.5385    -0.989418
-16.4423    -0.861225
-16.3462    -0.740469
-16.25    -0.598937
-16.1538    -0.417031
-16.0577    -0.196785
-15.9615    0.0379566
-15.8654    0.254538
-15.7692    0.430241
-15.6731    0.565831
-15.5769    0.685691
-15.4808    0.823998
-15.3846    1.00443
-15.2885    1.22485
-15.1923    1.45579
-15.0962    1.65389
-15    1.78313
-14.9038    1.83224
-14.8077    1.81878
-14.7115    1.77811
-14.6154    1.74352
-14.5192    1.72887
-14.4231    1.72299
-14.3269    1.69855
-14.2308    1.62936
-14.1346    1.50606
-14.0385    1.34102
-13.9423    1.16014
-13.8462    0.987116
-13.75    0.829626
-13.6538    0.675858
-13.5577    0.5031
-13.4615    0.292915
-13.3654    0.0435114
-13.2692    -0.228203
-13.1731    -0.49602
-13.0769    -0.739328
-12.9808    -0.95416
-12.8846    -1.1534
-12.7885    -1.35586
-12.6923    -1.57088
-12.5962    -1.78818
-12.5    -1.97968
-12.4038    -2.11289
-12.3077    -2.16843
-12.2115    -2.1511
-12.1154    -2.08783
-12.0192    -2.01314
-11.9231    -1.95035
-11.8269    -1.89946
-11.7308    -1.83894
-11.6346    -1.7403
-11.5385    -1.58697
-11.4423    -1.38582
-11.3462    -1.16431
-11.25    -0.954657
-11.1538    -0.774245
-11.0577    -0.614437
-10.9615    -0.445002
-10.8654    -0.232322
-10.7692    0.0389976
-10.6731    0.354007
-10.5769    0.672608
-10.4808    0.949866
-10.3846    1.16015
-10.2885    1.31102
-10.1923    1.43816
-10.0962    1.58366
-10    1.76949
-9.90385    1.98169
-9.80769    2.17494
-9.71154    2.29573
-9.61538    2.31167
-9.51923    2.23031
-9.42308    2.09654
-9.32692    1.96917
-9.23077    1.88951
-9.13462    1.85911
-9.03846    1.83904
-8.94231    1.77124
-8.84615    1.60994
-8.75    1.34586
-8.65385    1.00994
-8.55769    0.65524
-8.46154    0.327895
-8.36538    0.0438967
-8.26923    -0.215215
-8.17308    -0.486099
-8.07692    -0.79711
-7.98077    -1.14771
-7.88462    -1.50613
-7.78846    -1.82641
-7.69231    -2.07431
-7.59615    -2.24597
-7.5    -2.36767
-7.40385    -2.47641
-7.30769    -2.59287
-7.21154    -2.70351
-7.11538    -2.7634
-7.01923    -2.71949
-6.92308    -2.54144
-6.82692    -2.2421
-6.73077    -1.87517
-6.63462    -1.51031
-6.53846    -1.19895
-6.44231    -0.949895
-6.34615    -0.727982
-6.25    -0.47633
-6.15385    -0.14916
-6.05769    0.263428
-5.96154    0.732075
-5.86538    1.20649
-5.76923    1.6429
-5.67308    2.02306
-5.57692    2.35341
-5.48077    2.64605
-5.38462    2.89592
-5.28846    3.07141
-5.19231    3.12759
-5.09615    3.03611
-5    2.81288
-4.90385    2.52333
-4.80769    2.25646
-4.71154    2.07793
-4.61538    1.98772
-4.51923    1.90908
-4.42308    1.72096
-4.32692    1.3219
-4.23077    0.693183
-4.13462    -0.0744584
-4.03846    -0.810186
-3.94231    -1.33868
-3.84615    -1.56586
-3.75    -1.52946
-3.65385    -1.38481
-3.55769    -1.3283
-3.46154    -1.49502
-3.36538    -1.88277
-3.26923    -2.34373
-3.17308    -2.65165
-3.07692    -2.61324
-2.98077    -2.16812
-2.88462    -1.42598
-2.78846    -0.62027
-2.69231    -0.000248665
-2.59615    0.285239
-2.5    0.254168
-2.40385    0.0750004
-2.30769    -0.0235376
-2.21154    0.129199
-2.11538    0.558336
-2.01923    1.12925
-1.92308    1.61143
-1.82692    1.78708
-1.73077    1.55093
-1.63462    0.95547
-1.53846    0.185002
-1.44231    -0.523083
-1.34615    -0.969279
-1.25    -1.05478
-1.15385    -0.795717
-1.05769    -0.295068
-0.961538    0.303498
-0.865385    0.854356
-0.769231    1.22964
-0.673077    1.32591
-0.576923    1.0728
-0.480769    0.453656
-0.384615    -0.467467
-0.288462    -1.53217
-0.192308    -2.50894
-0.0961538    -3.15603
1.45661e-13    -3.30877
0.0961538    -2.95424
0.192308    -2.25434
0.288462    -1.49776
0.384615    -0.99404
0.480769    -0.952744
0.576923    -1.40089
0.673077    -2.17595
0.769231    -2.99704
0.865385    -3.58054
0.961538    -3.74713
1.05769    -3.47405
1.15385    -2.87597
1.25    -2.13307
1.34615    -1.40831
1.44231    -0.794786
1.53846    -0.31221
1.63462    0.0588424
1.73077    0.336025
1.82692    0.518252
1.92308    0.603009
2.01923    0.622007
2.11538    0.663468
2.21154    0.854633
2.30769    1.30231
2.40385    2.01829
2.5    2.87288
2.59615    3.61159
2.69231    3.94059
2.78846    3.64924
2.88462    2.71439
2.98077    1.33439
3.07692    -0.129285
3.17308    -1.28194
3.26923    -1.84215
3.36538    -1.74187
3.46154    -1.13903
3.55769    -0.341577
3.65385    0.318937
3.75    0.608145
3.84615    0.456504
3.94231    -0.0439024
4.03846    -0.698004
4.13462    -1.28626
4.23077    -1.62858
4.32692    -1.6168
4.42308    -1.22055
4.51923    -0.482529
4.61538    0.484443
4.71154    1.5005
4.80769    2.33653
4.90385    2.76081
5    2.61287
5.09615    1.88033
5.19231    0.739594
5.28846    -0.473273
5.38462    -1.36785
5.48077    -1.64906
5.57692    -1.25047
5.67308    -0.38713
5.76923    0.507037
5.86538    0.942934
5.96154    0.578608
6.05769    -0.625175
6.15385    -2.36628
6.25    -4.10164
6.34615    -5.24884
6.44231    -5.40656
6.53846    -4.50233
6.63462    -2.80784
6.73077    -0.818746
6.82692    0.946379
6.92308    2.1412
7.01923    2.69996
7.11538    2.81858
7.21154    2.82401
7.30769    2.99428
7.40385    3.41042
7.5    3.90483
7.59615    4.12808
7.69231    3.7057
7.78846    2.41926
7.88462    0.335941
7.98077    -2.16845
8.07692    -4.50687
8.17308    -6.06545
8.26923    -6.40841
8.36538    -5.42783
8.46154    -3.38321
8.55769    -0.815748
8.65385    1.6309
8.75    3.4174
8.84615    4.26766
8.94231    4.22433
9.03846    3.58662
9.13462    2.76259
9.23077    2.10048
9.32692    1.76828
9.42308    1.72614
9.51923    1.79279
9.61538    1.76544
9.71154    1.53142
9.80769    1.11841
9.90385    0.664647
10    0.332153
10.0962    0.214781
10.1923    0.292771
10.2885    0.457878
10.3846    0.592075
10.4808    0.651206
10.5769    0.70059
10.6731    0.875935
10.7692    1.28651
10.8654    1.91446
10.9615    2.57304
11.0577    2.95975
11.1538    2.79058
11.25    1.95381
11.3462    0.60336
11.4423    -0.865802
11.5385    -1.96229
11.6346    -2.30401
11.7308    -1.79065
11.8269    -0.658833
11.9231    0.611662
12.0192    1.50167
12.1154    1.67424
12.2115    1.11241
12.3077    0.11149
12.4038    -0.866721
12.5    -1.40536
12.5962    -1.30925
12.6923    -0.66787
12.7885    0.215976
12.8846    0.98668
12.9808    1.40136
13.0769    1.42115
13.1731    1.19324
13.2692    0.946817
13.3654    0.866905
13.4615    1.01404
13.5577    1.32458
13.6538    1.67781
13.75    1.97933
13.8462    2.20578
13.9423    2.38497
14.0385    2.52923
14.1346    2.57222
14.2308    2.36067
14.3269    1.72065
14.4231    0.571332
14.5192    -0.975738
14.6154    -2.59527
14.7115    -3.83317
14.8077    -4.27188
14.9038    -3.70477
15    -2.23781
15.0962    -0.266612
15.1923    1.66471
15.2885    3.06111
15.3846    3.64225
15.4808    3.40559
15.5769    2.56699
15.6731    1.41822
15.7692    0.178115
15.8654    -1.08832
15.9615    -2.44754
16.0577    -3.99159
16.1538    -5.71064
16.25    -7.41545
16.3462    -8.75412
16.4423    -9.31972
16.5385    -8.80141
16.6346    -7.11236
16.7308    -4.44092
16.8269    -1.20728
16.9231    2.05189
17.0192    4.82359
17.1154    6.7347
17.2115    7.61422
17.3077    7.49727
17.4038    6.58536
17.5    5.18327
17.5962    3.62817
17.6923    2.21919
17.7885    1.15399
17.8846    0.48357
17.9808    0.102127
18.0769    -0.21339
18.1731    -0.713861
18.2692    -1.56199
18.3654    -2.7333
18.4615    -3.98187
18.5577    -4.89964
18.6538    -5.06015
18.75    -4.19764
18.8462    -2.34865
18.9423    0.109005
19.0385    2.54752
19.1346    4.28514
19.2308    4.81641
19.3269    3.98958
19.4231    2.06442
19.5192    -0.369455
19.6154    -2.57931
19.7115    -3.9103
19.8077    -3.96426
19.9038    -2.6847
20    -0.337541
20.0962    2.58563
20.1923    5.49675
20.2885    7.83254
20.3846    9.14676
20.4808    9.17194
20.5769    7.85798
20.6731    5.38982
20.7692    2.17514
20.8654    -1.21331
20.9615    -4.14768
21.0577    -6.09319
21.1538    -6.75492
21.25    -6.17091
21.3462    -4.70793
21.4423    -2.94864
21.5385    -1.50145
21.6346    -0.798851
21.7308    -0.959512
21.8269    -1.76684
21.9231    -2.77144
22.0192    -3.47517
22.1154    -3.52274
22.2115    -2.82633
22.3077    -1.57937
22.4038    -0.163217
22.5    1.0071
22.5962    1.63127
22.6923    1.60975
22.7885    1.04348
22.8846    0.162563
22.9808    -0.773484
23.0769    -1.55699
23.1731    -2.06578
23.2692    -2.24892
23.3654    -2.08852
23.4615    -1.57012
23.5577    -0.683185
23.6538    0.548359
23.75    2.02692
23.8462    3.56301
23.9423    4.89908
24.0385    5.77556
24.1346    6.01672
24.2308    5.60135
24.3269    4.68627
24.4231    3.56933
24.5192    2.60194
24.6154    2.08125
24.7115    2.15873
24.8077    2.79433
24.9038    3.76807
25    4.74161
25.0962    5.34855
25.1923    5.28759
25.2885    4.39627
25.3846    2.69077
25.4808    0.365884
25.5769    -2.24374
25.6731    -4.73382
25.7692    -6.71861
25.8654    -7.91767
25.9615    -8.21845
26.0577    -7.69471
26.1538    -6.57196
26.25    -5.14811
26.3462    -3.69567
26.4423    -2.38133
26.5385    -1.2347
26.6346    -0.179067
26.7308    0.889369
26.8269    2.0099
26.9231    3.09708
27.0192    3.94337
27.1154    4.2883
27.2115    3.92743
27.3077    2.81436
27.4038    1.11066
27.5    -0.839883
27.5962    -2.60408
27.6923    -3.78326
27.7885    -4.122
27.8846    -3.56588
27.9808    -2.2569
28.0769    -0.480533
28.1731    1.40789
28.2692    3.05233
28.3654    4.14969
28.4615    4.49155
28.5577    4.00198
28.6538    2.77123
28.75    1.07029
28.8462    -0.677196
28.9423    -1.98117
29.0385    -2.42075
29.1346    -1.78917
29.2308    -0.189469
29.3269    1.97004
29.4231    4.09504
29.5192    5.6027
29.6154    6.11975
29.7115    5.59553
29.8077    4.27839
29.9038    2.56637
30    0.805543
30.0962    -0.86101
30.1923    -2.51244
30.2885    -4.32211
30.3846    -6.34665
30.4808    -8.3489
30.5769    -9.76746
30.6731    -9.88122
30.7692    -8.12042
30.8654    -4.39311
30.9615    0.730468
31.0577    6.08474
31.1538    10.2315
31.25    11.929
31.3462    10.5663
31.4423    6.38937
31.5385    0.428795
31.6346    -5.8405
31.7308    -10.9677
31.8269    -13.9425
31.9231    -14.4137
32.0192    -12.6605
32.1154    -9.37143
32.2115    -5.35636
32.3077    -1.31762
32.4038    2.24796
32.5    5.02584
32.5962    6.80935
32.6923    7.45525
32.7885    6.91197
32.8846    5.30094
32.9808    2.98419
33.0769    0.547337
33.1731    -1.33106
33.2692    -2.08785
33.3654    -1.47541
33.4615    0.339787
33.5577    2.83093
33.6538    5.29796
33.75    7.1069
33.8462    7.8795
33.9423    7.56047
34.0385    6.35351
34.1346    4.58013
34.2308    2.54514
34.3269    0.474316
34.4231    -1.46261
34.5192    -3.08678
34.6154    -4.17183
34.7115    -4.48249
34.8077    -3.88675
34.9038    -2.48245
35    -0.654283
35.0962    0.998067
35.1923    1.85597
35.2885    1.52714
35.3846    0.0271333
35.4808    -2.19734
35.5769    -4.42893
35.6731    -5.96196
35.7692    -6.38339
35.8654    -5.72573
35.9615    -4.42329
36.0577    -3.09563
36.1538    -2.26241
36.25    -2.12358
36.3462    -2.50314
36.4423    -2.97266
36.5385    -3.08362
36.6346    -2.58884
36.7308    -1.54534
36.8269    -0.25509
36.9231    0.918015
37.0192    1.75809
37.1154    2.33043
37.2115    2.9776
37.3077    4.18593
37.4038    6.38637
37.5    9.77132
37.5962    14.1857
37.6923    19.1063
37.7885    23.6875
37.8846    26.8466
37.9808    27.383
38.0769    24.1546
38.1731    16.3375
38.2692    3.75665
38.3654    -12.7892
38.4615    -31.3508
38.5577    -48.9463
38.6538    -62.0577
38.75    -67.4494
38.8462    -63.103
38.9423    -48.9623
39.0385    -27.1936
39.1346    -1.80426
39.2308    22.3198
39.3269    40.6759
39.4231    50.3025
39.5192    50.4517
39.6154    42.5727
39.7115    29.6487
39.8077    15.1628
39.9038    2.08099
40    -7.80691
40.0962    -14.0167
40.1923    -17.0293
40.2885    -17.7135
40.3846    -16.8033
40.4808    -14.6452
40.5769    -11.2697
40.6731    -6.67697
40.7692    -1.13373
40.8654    4.69912
40.9615    9.88247
41.0577    13.4945
41.1538    14.9484
41.25    14.1696
41.3462    11.5503
41.4423    7.71883
41.5385    3.25629
41.6346    -1.48705
41.7308    -6.38395
41.8269    -11.3506
41.9231    -16.1133
42.0192    -20.0757
42.1154    -22.3916
42.2115    -22.2422
42.3077    -19.203
42.4038    -13.5268
42.5    -6.19369
42.5962    1.32494
42.6923    7.50882
42.7885    11.2687
42.8846    12.2717
42.9808    10.9862
43.0769    8.43916
43.1731    5.79665
43.2692    3.9413
43.3654    3.21101
43.4615    3.38144
43.5577    3.869
43.6538    4.04453
43.75    3.51671
43.8462    2.27518
43.9423    0.654797
44.0385    -0.839623
44.1346    -1.75917
44.2308    -1.89165
44.3269    -1.33399
44.4231    -0.443268
44.5192    0.300723
44.6154    0.464168
44.7115    -0.198226
44.8077    -1.66651
44.9038    -3.65991
45    -5.71544
45.0962    -7.31715
45.1923    -8.04218
45.2885    -7.68445
45.3846    -6.3199
45.4808    -4.28909
45.5769    -2.09584
45.6731    -0.249423
45.7692    0.899049
45.8654    1.267
45.9615    1.05426
46.0577    0.652132
46.1538    0.481399
46.25    0.823546
46.3462    1.71346
46.4423    2.93661
46.5385    4.12909
46.6346    4.93501
46.7308    5.15271
46.8269    4.80902
46.9231    4.13484
47.0192    3.45938
47.1154    3.07323
47.2115    3.11853
47.3077    3.54575
47.4038    4.1436
47.5    4.61789
47.5962    4.68078
47.6923    4.11867
47.7885    2.82617
47.8846    0.813044
47.9808    -1.80057
48.0769    -4.79115
48.1731    -7.84401
48.2692    -10.5829
48.3654    -12.6268
48.4615    -13.6674
48.5577    -13.5464
48.6538    -12.2986
48.75    -10.139
48.8462    -7.39217
48.9423    -4.39218
49.0385    -1.39495
49.1346    1.45737
49.2308    4.10748
49.3269    6.50968
49.4231    8.55678
49.5192    10.0533
49.6154    10.7576
49.7115    10.4793
49.8077    9.18511
49.9038    7.06001
50    4.48533
50.0962    1.93614
50.1923    -0.162694
50.2885    -1.56194
50.3846    -2.24324
50.4808    -2.38493
50.5769    -2.25919
50.6731    -2.10996
50.7692    -2.06482
50.8654    -2.11327
50.9615    -2.15025
51.0577    -2.05423
51.1538    -1.7588
51.25    -1.28629
51.3462    -0.736459
51.4423    -0.245596
51.5385    0.0575069
51.6346    0.078562
51.7308    -0.236329
51.8269    -0.90452
51.9231    -1.90435
52.0192    -3.15889
52.1154    -4.51434
52.2115    -5.73349
52.3077    -6.52458
52.4038    -6.61028
52.5    -5.81981
52.5962    -4.16857
52.6923    -1.88803
52.7885    0.61571
52.8846    2.86736
52.9808    4.45694
53.0769    5.1545
53.1731    4.96304
53.2692    4.09269
53.3654    2.87036
53.4615    1.6236
53.5577    0.583745
53.6538    -0.158434
53.75    -0.636596
53.8462    -0.948977
53.9423    -1.18694
54.0385    -1.38353
54.1346    -1.50018
54.2308    -1.45063
54.3269    -1.14572
54.4231    -0.536942
54.5192    0.358841
54.6154    1.45936
54.7115    2.63628
54.8077    3.74171
54.9038    4.63072
55    5.17489
55.0962    5.26954
55.1923    4.84198
55.2885    3.86689
55.3846    2.38845
55.4808    0.540612
55.5769    -1.44843
55.6731    -3.28053
55.7692    -4.64455
55.8654    -5.29575
55.9615    -5.1342
56.0577    -4.25228
56.1538    -2.92685
56.25    -1.54924
56.3462    -0.509357
56.4423    -0.071128
56.5385    -0.284522
56.6346    -0.969416
56.7308    -1.78133
56.8269    -2.33713
56.9231    -2.35404
57.0192    -1.74888
57.1154    -0.659995
57.2115    0.613848
57.3077    1.72939
57.4038    2.42008
57.5    2.57439
57.5962    2.24535
57.6923    1.59836
57.7885    0.830704
57.8846    0.104431
57.9808    -0.479842
58.0769    -0.867387
58.1731    -1.01648
58.2692    -0.881101
58.3654    -0.429596
58.4615    0.307352
58.5577    1.19124
58.6538    1.97252
58.75    2.35275
58.8462    2.10035
58.9423    1.17357
59.0385    -0.211721
59.1346    -1.61603
59.2308    -2.51657
59.3269    -2.50731
59.4231    -1.47779
59.5192    0.310138
59.6154    2.29048
59.7115    3.78826
59.8077    4.26797
59.9038    3.53559
60    1.81147
60.0962    -0.355916
60.1923    -2.2994
60.2885    -3.48041
60.3846    -3.67596
60.4808    -3.03578
60.5769    -1.99543
60.6731    -1.08929
60.7692    -0.742575
60.8654    -1.12283
60.9615    -2.09963
61.0577    -3.31484
61.1538    -4.32372
61.25    -4.74671
61.3462    -4.3774
61.4423    -3.21775
61.5385    -1.44336
61.6346    0.673414
61.7308    2.84598
61.8269    4.83172
61.9231    6.45337
62.0192    7.58945
62.1154    8.15233
62.2115    8.07474
62.3077    7.31793
62.4038    5.90116
62.5    3.93799
62.5962    1.65677
62.6923    -0.61589
62.7885    -2.51703
62.8846    -3.74358
62.9808    -4.1522
63.0769    -3.82202
63.1731    -3.04629
63.2692    -2.2423
63.3654    -1.80259
63.4615    -1.93966
63.5577    -2.58752
63.6538    -3.40766
63.75    -3.90797
63.8462    -3.63533
63.9423    -2.3678
64.0385    -0.226751
64.1346    2.3411
64.2308    4.70872
64.3269    6.28409
64.4231    6.70931
64.5192    5.96514
64.6154    4.34545
64.7115    2.3232
64.8077    0.374142
64.9038    -1.16396
65    -2.14465
65.0962    -2.57474
65.1923    -2.52618
65.2885    -2.05872
65.3846    -1.19839
65.4808    0.0225082
65.5769    1.49929
65.6731    3.01643
65.7692    4.27597
65.8654    4.99183
65.9615    5.00722
66.0577    4.37187
66.1538    3.33132
66.25    2.22436
66.3462    1.33421
66.4423    0.767222
66.5385    0.421946
66.6346    0.0664932
66.7308    -0.5148
66.8269    -1.38273
66.9231    -2.3881
67.0192    -3.23318
67.1154    -3.62131
67.2115    -3.41714
67.3077    -2.73154
67.4038    -1.88127
67.5    -1.23824
67.5962    -1.04211
67.6923    -1.27188
67.7885    -1.64567
67.8846    -1.75387
67.9808    -1.26319
68.0769    -0.0920842
68.1731    1.52991
68.2692    3.14919
68.3654    4.28051
68.4615    4.61257
68.5577    4.13032
68.6538    3.10071
68.75    1.93663
68.8462    1.01195
68.9423    0.519152
69.0385    0.433145
69.1346    0.58562
69.2308    0.797157
69.3269    0.987806
69.4231    1.20471
69.5192    1.55585
69.6154    2.09396
69.7115    2.7242
69.8077    3.19658
69.9038    3.19769
70    2.49989
70.0962    1.09151
70.1923    -0.782551
70.2885    -2.69671
70.3846    -4.20475
70.4808    -5.00829
70.5769    -5.05339
70.6731    -4.51117
70.7692    -3.658
70.8654    -2.7216
70.9615    -1.77553
71.0577    -0.737779
71.1538    0.527689
71.25    2.06415
71.3462    3.71529
71.4423    5.12639
71.5385    5.86739
71.6346    5.62786
71.7308    4.39138
71.8269    2.49869
71.9231    0.555992
72.0192    -0.785062
72.1154    -1.08714
72.2115    -0.315331
72.3077    1.13163
72.4038    2.56695
72.5    3.28324
72.5962    2.83475
72.6923    1.22082
72.7885    -1.10228
72.8846    -3.38412
72.9808    -4.85158
73.0769    -4.98342
73.1731    -3.68614
73.2692    -1.31261
73.3654    1.47245
73.4615    3.92035
73.5577    5.43232
73.6538    5.7194
73.75    4.84478
73.8462    3.1521
73.9423    1.12216
74.0385    -0.782539
74.1346    -2.23335
74.2308    -3.0836
74.3269    -3.35144
74.4231    -3.16121
74.5192    -2.67531
74.6154    -2.04212
74.7115    -1.37172
74.8077    -0.73625
74.9038    -0.182815
75    0.254164
75.0962    0.549412
75.1923    0.692494
75.2885    0.697195
75.3846    0.606726
75.4808    0.48874
75.5769    0.418737
75.6731    0.455699
75.7692    0.617833
75.8654    0.86785
75.9615    1.11557
76.0577    1.24097
76.1538    1.13404
76.25    0.740448
76.3462    0.0973995
76.4423    -0.656514
76.5385    -1.30707
76.6346    -1.62397
76.7308    -1.43852
76.8269    -0.713542
76.9231    0.42225
77.0192    1.69388
77.1154    2.75379
77.2115    3.28861
77.3077    3.12301
77.4038    2.28225
77.5    0.988343
77.5962    -0.411239
77.6923    -1.55752
77.7885    -2.19511
77.8846    -2.24622
77.9808    -1.81811
78.0769    -1.1447
78.1731    -0.488885
78.2692    -0.0462721
78.3654    0.112402
78.4615    0.0409079
78.5577    -0.134723
78.6538    -0.293222
78.75    -0.384305
78.8462    -0.455301
78.9423    -0.627656
79.0385    -1.0341
79.1346    -1.7431
79.2308    -2.7017
79.3269    -3.72086
79.4231    -4.51168
79.5192    -4.76378
79.6154    -4.24286
79.7115    -2.87767
79.8077    -0.808539
79.9038    1.62152
80    3.93646
80.0962    5.6438
80.1923    6.3684
80.2885    5.96445
80.3846    4.56895
80.4808    2.5743
80.5769    0.522727
80.6731    -1.0481
80.7692    -1.75898
80.8654    -1.49122
80.9615    -0.401992
81.0577    1.14984
81.1538    2.73639
81.25    3.99896
81.3462    4.73889
81.4423    4.93102
81.5385    4.66538
81.6346    4.05442
81.7308    3.15696
81.8269    1.95819
81.9231    0.414244
82.0192    -1.46521
82.1154    -3.54443
82.2115    -5.54461
82.3077    -7.1012
82.4038    -7.87747
82.5    -7.68651
82.5962    -6.56689
82.6923    -4.77654
82.7885    -2.70563
82.8846    -0.745346
82.9808    0.831827
83.0769    1.93247
83.1731    2.62398
83.2692    3.05491
83.3654    3.3567
83.4615    3.57409
83.5577    3.65329
83.6538    3.48721
83.75    2.99028
83.8462    2.16406
83.9423    1.12258
84.0385    0.0679048
84.1346    -0.771021
84.2308    -1.2088
84.3269    -1.15614
84.4231    -0.638899
84.5192    0.216454
84.6154    1.21966
84.7115    2.16102
84.8077    2.85229
84.9038    3.15888
85    3.02211
85.0962    2.47024
85.1923    1.61503
85.2885    0.630746
85.3846    -0.283998
85.4808    -0.954151
85.5769    -1.2727
85.6731    -1.22735
85.7692    -0.90041
85.8654    -0.442738
85.9615    -0.0315348
86.0577    0.174022
86.1538    0.0679218
86.25    -0.381601
86.3462    -1.1242
86.4423    -2.03068
86.5385    -2.90838
86.6346    -3.53326
86.7308    -3.70151
86.8269    -3.29447
86.9231    -2.33787
87.0192    -1.02714
87.1154    0.305347
87.2115    1.28586
87.3077    1.63279
87.4038    1.27791
87.5    0.418634
87.5962    -0.534195
87.6923    -1.10635
87.7885    -0.95418
87.8846    -0.0211815
87.9808    1.4167
88.0769    2.84709
88.1731    3.72642
88.2692    3.71007
88.3654    2.80671
88.4615    1.38556
88.5577    0.0292952
88.6538    -0.705729
88.75    -0.51827
88.8462    0.518376
88.9423    1.9944
89.0385    3.33603
89.1346    4.03155
89.2308    3.81177
89.3269    2.7143
89.4231    1.02032
89.5192    -0.888449
89.6154    -2.67485
89.7115    -4.12709
89.8077    -5.15289
89.9038    -5.71486
90    -5.76458
90.0962    -5.2267
90.1923    -4.04757
90.2885    -2.27842
90.3846    -0.136131
90.4808    2.00784
90.5769    3.7228
90.6731    4.66338
90.7692    4.69757
90.8654    3.95571
90.9615    2.77436
91.0577    1.55945
91.1538    0.631873
91.25    0.12508
91.3462    -0.0241267
91.4423    0.00213539
91.5385    0.0196496
91.6346    -0.0641355
91.7308    -0.222793
91.8269    -0.353643
91.9231    -0.356001
92.0192    -0.194765
92.1154    0.0868167
92.2115    0.407257
92.3077    0.708435
92.4038    0.994312
92.5    1.31731
92.5962    1.71698
92.6923    2.14854
92.7885    2.45076
92.8846    2.38548
92.9808    1.74214
93.0769    0.462239
93.1731    -1.27947
93.2692    -3.08552
93.3654    -4.44612
93.4615    -4.9104
93.5577    -4.24996
93.6538    -2.54797
93.75    -0.179353
93.8462    2.30619
93.9423    4.34876
94.0385    5.52805
94.1346    5.65114
94.2308    4.76347
94.3269    3.09972
94.4231    1.00721
94.5192    -1.12896
94.6154    -2.94642
94.7115    -4.15396
94.8077    -4.57517
94.9038    -4.18586
95    -3.13225
95.0962    -1.71085
95.1923    -0.300643
95.2885    0.74099
95.3846    1.18534
95.4808    1.00031
95.5769    0.349103
95.6731    -0.481537
95.7692    -1.19265
95.8654    -1.57486
95.9615    -1.55765
96.0577    -1.19081
96.1538    -0.578087
96.25    0.193611
96.3462    1.087
96.4423    2.0918
96.5385    3.1644
96.6346    4.17294
96.7308    4.8909
96.8269    5.05695
96.9231    4.48035
97.0192    3.14136
97.1154    1.23273
97.2115    -0.886116
97.3077    -2.8076
97.4038    -4.21533
97.5    -4.98052
97.5962    -5.17249
97.6923    -4.98347
97.7885    -4.61051
97.8846    -4.15771
97.9808    -3.60829
98.0769    -2.87647
98.1731    -1.90482
98.2692    -0.747071
98.3654    0.415667
98.4615    1.34058
98.5577    1.83954
98.6538    1.88447
98.75    1.64174
98.8462    1.41004
98.9423    1.48555
99.0385    2.01687
99.1346    2.91971
99.2308    3.89408
99.3269    4.53795
99.4231    4.50597
99.5192    3.64254
99.6154    2.03393
99.7115    -0.0349755
99.8077    -2.18906
99.9038    -4.08038
100    -5.46345
100.096    -6.20768
100.192    -6.26346
100.288    -5.62224
100.385    -4.30734
100.481    -2.40598
100.577    -0.118933
100.673    2.21559
100.769    4.16108
100.865    5.29067
100.962    5.32977
101.058    4.27272
101.154    2.41495
101.25    0.275151
101.346    -1.57003
101.442    -2.67571
101.538    -2.86699
101.635    -2.27157
101.731    -1.23878
101.827    -0.185411
101.923    0.562726
102.019    0.868263
102.115    0.786792
102.212    0.490733
102.308    0.159698
102.404    -0.106292
102.5    -0.31276
102.596    -0.532655
102.692    -0.833482
102.788    -1.21376
102.885    -1.58388
102.981    -1.80054
103.077    -1.73512
103.173    -1.33991
103.269    -0.678718
103.365    0.0921679
103.462    0.78205
103.558    1.23464
103.654    1.37693
103.75    1.22994
103.846    0.88263
103.942    0.44693
104.038    0.0168146
104.135    -0.351864
104.231    -0.63802
104.327    -0.838158
104.423    -0.950173
104.519    -0.968834
104.615    -0.893928
104.712    -0.742992
104.808    -0.557344
104.904    -0.394296
105    -0.307078
105.096    -0.321911
105.192    -0.424285
105.288    -0.562414
105.385    -0.667357
105.481    -0.681079
105.577    -0.579989
105.673    -0.383877
105.769    -0.147239
105.865    0.0621734
105.962    0.187813
106.058    0.20206
106.154    0.111657
106.25    -0.0488526
106.346    -0.230944
106.442    -0.387019
106.538    -0.481758
106.635    -0.498087
106.731    -0.438291
106.827    -0.321651
106.923    -0.179596
107.019    -0.0487706
107.115    0.0374732
107.212    0.0576639
107.308    0.00836994
107.404    -0.0946609
107.5    -0.221486
107.596    -0.337662
107.692    -0.414966
107.788    -0.438809
107.885    -0.409586
107.981    -0.338174
108.077    -0.238739
108.173    -0.12307
108.269    0.00063928
108.365    0.12466
108.462    0.237271
108.558    0.32105
108.654    0.356443
108.75    0.329798
108.846    0.24187
108.942    0.1117
109.038    -0.0273515
109.135    -0.138696
109.231    -0.196066
109.327    -0.193141
109.423    -0.144524
109.519    -0.0775592
109.615    -0.0190887
109.712    0.0161773
109.808    0.0300001
109.904    0.0359271
110    0.0487068
110.096    0.0740322
110.192    0.104499
110.288    0.124085
110.385    0.11857
110.481    0.0858792
110.577    0.0401717
110.673    0.00682719
110.769    0.0104359
110.865    0.0618451
110.962    0.151069
111.058    0.250013
111.154    0.32399
111.25    0.346549
111.346    0.310511
111.442    0.230111
111.538    0.133672
111.635    0.0508351
111.731    0.000729255
111.827    -0.0135315
111.923    -0.00229322
112.019    0.0187959
112.115    0.0375501
112.212    0.0499631
112.308    0.0590261
112.404    0.0693365
112.5    0.0814498
112.596    0.089737
112.692    0.0851279
112.788    0.0610251
112.885    0.0186905
112.981    -0.0313581
113.077    -0.0731307
113.173    -0.0923545
113.269    -0.0833293
113.365    -0.0518222
113.462    -0.0124765
113.558    0.017914
113.654    0.0278307
113.75    0.0155287
113.846    -0.0113329
113.942    -0.0402951
114.038    -0.0602761
114.135    -0.0661912
114.231    -0.0600738
114.327    -0.0487905
114.423    -0.040132
114.519    -0.0395312
114.615    -0.0488244
114.712    -0.0670042
114.808    -0.0917648
114.904    -0.120481
115    -0.150048
115.096    -0.176115
115.192    -0.19287
115.288    -0.194213
115.385    -0.176144
115.481    -0.139145
115.577    -0.089012
115.673    -0.0353049
115.769    0.0120727
115.865    0.0464991
115.962    0.0665539
116.058    0.0752432
116.154    0.0770942
116.25    0.0749479
116.346    0.0684666
116.442    0.0553015
116.538    0.034169
116.635    0.00776437
116.731    -0.0166248
116.827    -0.0296571
116.923    -0.0245295
117.019    -0.0010883
117.115    0.0330906
117.212    0.0656615
117.308    0.0852443
117.404    0.0869657
117.5    0.0747381
117.596    0.0588932
117.692    0.0503578
117.788    0.0545816
117.885    0.0686931
117.981    0.0836295
118.077    0.0901616
118.173    0.0853959
118.269    0.0758551
118.365    0.0749899
118.462    0.0960577
118.558    0.144043
118.654    0.211108
118.75    0.278416
118.846    0.323858
118.942    0.332007
119.038    0.301304
119.135    0.244751
119.231    0.183718
119.327    0.138
119.423    0.117166
119.519    0.117494
119.615    0.125773
119.712    0.127625
119.808    0.115736
119.904    0.0936032
120    0.0730059
120.096    0.0668587
120.192    0.0815633
120.288    0.113097
120.385    0.148885
120.481    0.17426
120.577    0.179849
120.673    0.165837
120.769    0.140952
120.865    0.116997
120.962    0.10219
121.058    0.0970837
121.154    0.0952316
121.25    0.0879781
121.346    0.070423
121.442    0.0450155
121.538    0.0206735
121.635    0.00793022
121.731    0.0128823
121.827    0.0333747
121.923    0.0595725
122.019    0.0786087
122.115    0.0807675
122.212    0.0639002
122.308    0.0338506
122.404    0.000921256
122.5    -0.0254602
122.596    -0.040901
122.692    -0.0469301
122.788    -0.0485093
122.885    -0.0499846
122.981    -0.0520465
123.077    -0.0514887
123.173    -0.0437574
123.269    -0.0265854
123.365    -0.00238127
123.462    0.0221627
123.558    0.0390849
123.654    0.0430686
123.75    0.0340138
123.846    0.0168365
123.942    -0.00130559
124.038    -0.0146952
124.135    -0.0215282
124.231    -0.0238698
124.327    -0.0253311
124.423    -0.0280529
124.519    -0.0309335
124.615    -0.0302016
124.712    -0.0219484
124.808    -0.00500194
124.904    0.0177011
