-25    1.10797
-24.9038    1.13915
-24.8077    1.16311
-24.7115    1.17989
-24.6154    1.18932
-24.5192    1.19135
-24.4231    1.18554
-24.3269    1.17008
-24.2308    1.14103
-24.1346    1.09278
-24.0385    1.01994
-23.9423    0.919924
-23.8462    0.795025
-23.75    0.652577
-23.6538    0.502912
-23.5577    0.355877
-23.4615    0.217551
-23.3654    0.088773
-23.2692    -0.0338275
-23.1731    -0.154956
-23.0769    -0.277519
-22.9808    -0.40092
-22.8846    -0.521557
-22.7885    -0.634999
-22.6923    -0.738342
-22.5962    -0.831205
-22.5    -0.914725
-22.4038    -0.989224
-22.3077    -1.05214
-22.2115    -1.09774
-22.1154    -1.11909
-22.0192    -1.11139
-21.9231    -1.07472
-21.8269    -1.01466
-21.7308    -0.939977
-21.6346    -0.858699
-21.5385    -0.774474
-21.4423    -0.685281
-21.3462    -0.585205
-21.25    -0.468305
-21.1538    -0.332461
-21.0577    -0.181085
-20.9615    -0.0218474
-20.8654    0.136765
-20.7692    0.289013
-20.6731    0.433583
-20.5769    0.572574
-20.4808    0.708621
-20.3846    0.842126
-20.2885    0.970419
-20.1923    1.08938
-20.0962    1.19641
-20    1.2926
-19.9038    1.38243
-19.8077    1.47057
-19.7115    1.55772
-19.6154    1.63785
-19.5192    1.6991
-19.4231    1.72829
-19.3269    1.7172
-19.2308    1.66696
-19.1346    1.5882
-19.0385    1.4961
-18.9423    1.40293
-18.8462    1.31173
-18.75    1.21477
-18.6538    1.09794
-18.5577    0.948931
-18.4615    0.765121
-18.3654    0.556847
-18.2692    0.344091
-18.1731    0.148048
-18.0769    -0.0182524
-17.9808    -0.155477
-17.8846    -0.276811
-17.7885    -0.400615
-17.6923    -0.540634
-17.5962    -0.698668
-17.5    -0.863294
-17.4038    -1.01509
-17.3077    -1.13553
-17.2115    -1.21502
-17.1154    -1.25624
-17.0192    -1.27145
-16.9231    -1.27567
-16.8269    -1.27943
-16.7308    -1.28461
-16.6346    -1.28506
-16.5385    -1.27108
-16.4423    -1.2348
-16.3462    -1.17366
-16.25    -1.09056
-16.1538    -0.991063
-16.0577    -0.880004
-15.9615    -0.759436
-15.8654    -0.629113
-15.7692    -0.488846
-15.6731    -0.341036
-15.5769    -0.191674
-15.4808    -0.0491419
-15.3846    0.0785279
-15.2885    0.186408
-15.1923    0.274054
-15.0962    0.344994
-15    0.404848
-14.9038    0.459194
-14.8077    0.512045
-14.7115    0.565174
-14.6154    0.617885
-14.5192    0.666778
-14.4231    0.705527
-14.3269    0.725302
-14.2308    0.716565
-14.1346    0.672341
-14.0385    0.591955
-13.9423    0.483331
-13.8462    0.362077
-13.75    0.246856
-13.6538    0.152523
-13.5577    0.0840519
-13.4615    0.0344032
-13.3654    -0.0121291
-13.2692    -0.0722255
-13.1731    -0.15502
-13.0769    -0.256977
-12.9808    -0.362898
-12.8846    -0.452777
-12.7885    -0.511143
-12.6923    -0.534199
-12.5962    -0.531093
-12.5    -0.518755
-12.4038    -0.513077
-12.3077    -0.52116
-12.2115    -0.538658
-12.1154    -0.55344
-12.0192    -0.553248
-11.9231    -0.532921
-11.8269    -0.497042
-11.7308    -0.456632
-11.6346    -0.421981
-11.5385    -0.396022
-11.4423    -0.372402
-11.3462    -0.339692
-11.25    -0.289524
-11.1538    -0.223937
-11.0577    -0.157361
-10.9615    -0.111449
-10.8654    -0.104972
-10.7692    -0.143884
-10.6731    -0.216927
-10.5769    -0.299415
-10.4808    -0.363612
-10.3846    -0.390648
-10.2885    -0.378051
-10.1923    -0.339251
-10.0962    -0.295553
-10    -0.264919
-9.90385    -0.253357
-9.80769    -0.253137
-9.71154    -0.248272
-9.61538    -0.223888
-9.51923    -0.174257
-9.42308    -0.105297
-9.32692    -0.0305887
-9.23077    0.0364385
-9.13462    0.0895249
-9.03846    0.131876
-8.94231    0.172651
-8.84615    0.219938
-8.75    0.274492
-8.65385    0.328038
-8.55769    0.367285
-8.46154    0.381544
-8.36538    0.369673
-8.26923    0.342313
-8.17308    0.317809
-8.07692    0.313536
-7.98077    0.336886
-7.88462    0.380479
-7.78846    0.424218
-7.69231    0.443557
-7.59615    0.420365
-7.5    0.35159
-7.40385    0.251903
-7.30769    0.149211
-7.21154    0.074986
-7.11538    0.0534246
-7.01923    0.0936904
-6.92308    0.187972
-6.82692    0.315568
-6.73077    0.450823
-6.63462    0.571498
-6.53846    0.664338
-6.44231    0.726178
-6.34615    0.760936
-6.25    0.774594
-6.15385    0.770898
-6.05769    0.749857
-5.96154    0.709501
-5.86538    0.649502
-5.76923    0.574159
-5.67308    0.492446
-5.57692    0.41437
-5.48077    0.345069
-5.38462    0.279726
-5.28846    0.202534
-5.19231    0.0911998
-5.09615    -0.0743497
-5    -0.30299
-4.90385    -0.587765
-4.80769    -0.908406
-4.71154    -1.24014
-4.61538    -1.56425
-4.51923    -1.87421
-4.42308    -2.17326
-4.32692    -2.46362
-4.23077    -2.73289
-4.13462    -2.94558
-4.03846    -3.0463
-3.94231    -2.97521
-3.84615    -2.68973
-3.75    -2.182
-3.65385    -1.48294
-3.55769    -0.650107
-3.46154    0.254593
-3.36538    1.18529
-3.26923    2.11869
-3.17308    3.04245
-3.07692    3.9316
-2.98077    4.72791
-2.88462    5.33742
-2.78846    5.65284
-2.69231    5.59395
-2.59615    5.14683
-2.5    4.38073
-2.40385    3.42991
-2.30769    2.44562
-2.21154    1.53943
-2.11538    0.746133
-2.01923    0.0258511
-1.92308    -0.694361
-1.82692    -1.46089
-1.73077    -2.24863
-1.63462    -2.95756
-1.53846    -3.45646
-1.44231    -3.65268
-1.34615    -3.5505
-1.25    -3.26255
-1.15385    -2.96227
-1.05769    -2.79661
-0.961538    -2.80303
-0.865385    -2.87722
-0.769231    -2.81567
-0.673077    -2.41937
-0.576923    -1.61082
-0.480769    -0.504642
-0.384615    0.609711
-0.288462    1.37369
-0.192308    1.50997
-0.0961538    0.948904
1.45661e-13    -0.129554
0.0961538    -1.36067
0.192308    -2.33879
0.288462    -2.7753
0.384615    -2.59981
0.480769    -1.96253
0.576923    -1.14391
0.673077    -0.42095
0.769231    0.0433438
0.865385    0.23848
0.961538    0.265035
1.05769    0.24773
1.15385    0.258268
1.25    0.29199
1.34615    0.306573
1.44231    0.291459
1.53846    0.316441
1.63462    0.519072
1.73077    1.02758
1.82692    1.85814
1.92308    2.848
2.01923    3.67475
2.11538    3.96982
2.21154    3.48338
2.30769    2.22374
2.40385    0.498505
2.5    -1.17406
2.59615    -2.2545
2.69231    -2.39423
2.78846    -1.57779
2.88462    -0.132458
2.98077    1.39897
3.07692    2.46637
3.17308    2.71223
3.26923    2.08294
3.36538    0.8143
3.46154    -0.688282
3.55769    -2.01274
3.65385    -2.8741
3.75    -3.1713
3.84615    -2.96154
3.94231    -2.38496
4.03846    -1.58822
4.13462    -0.684142
4.23077    0.24336
4.32692    1.10815
4.42308    1.79641
4.51923    2.17123
4.61538    2.11082
4.71154    1.5622
4.80769    0.582698
4.90385    -0.653021
5    -1.88597
5.09615    -2.83428
5.19231    -3.26193
5.28846    -3.03495
5.38462    -2.15323
5.48077    -0.754702
5.57692    0.907386
5.67308    2.51232
5.76923    3.74182
5.86538    4.3624
5.96154    4.29987
6.05769    3.67724
6.15385    2.78968
6.25    2.00849
6.34615    1.63636
6.44231    1.76556
6.53846    2.20244
6.63462    2.50481
6.73077    2.13624
6.82692    0.68873
6.92308    -1.91257
7.01923    -5.31187
7.11538    -8.78462
7.21154    -11.4473
7.30769    -12.5415
7.40385    -11.6853
7.5    -8.99728
7.59615    -5.05017
7.69231    -0.679004
7.78846    3.27657
7.88462    6.19907
7.98077    7.81589
8.07692    8.19508
8.17308    7.6433
8.26923    6.56471
8.36538    5.33841
8.46154    4.24664
8.55769    3.45358
8.65385    3.01444
8.75    2.89298
8.84615    2.97892
8.94231    3.11144
9.03846    3.1187
9.13462    2.87313
9.23077    2.34486
9.32692    1.62583
9.42308    0.903012
9.51923    0.382577
9.61538    0.194292
9.71154    0.322005
9.80769    0.59889
9.90385    0.776795
10    0.641374
10.0962    0.118735
10.1923    -0.679741
10.2885    -1.49898
10.3846    -2.05019
10.4808    -2.13706
10.5769    -1.73837
10.6731    -1.01004
10.7692    -0.211095
10.8654    0.405039
10.9615    0.678854
11.0577    0.574148
11.1538    0.146296
11.25    -0.518424
11.3462    -1.34731
11.4423    -2.28005
11.5385    -3.22683
11.6346    -4.02237
11.7308    -4.42149
11.8269    -4.16084
11.9231    -3.07074
12.0192    -1.18507
12.1154    1.21383
12.2115    3.65278
12.3077    5.61641
12.4038    6.72673
12.5    6.87269
12.5962    6.2283
12.6923    5.15
12.7885    4.00265
12.8846    2.99838
12.9808    2.12568
13.0769    1.19988
13.1731    0.00479426
13.2692    -1.55006
13.3654    -3.33858
13.4615    -5.04004
13.5577    -6.26218
13.6538    -6.70324
13.75    -6.27342
13.8462    -5.11981
13.9423    -3.54925
14.0385    -1.89404
14.1346    -0.38963
14.2308    0.878998
14.3269    1.94625
14.4231    2.87964
14.5192    3.69374
14.6154    4.31373
14.7115    4.60605
14.8077    4.45376
14.9038    3.83029
15    2.82803
15.0962    1.62562
15.1923    0.412301
15.2885    -0.68909
15.3846    -1.66021
15.4808    -2.56888
15.5769    -3.50778
15.6731    -4.52503
15.7692    -5.58226
15.8654    -6.55806
15.9615    -7.28904
16.0577    -7.62309
16.1538    -7.45862
16.25    -6.75796
16.3462    -5.54129
16.4423    -3.87874
16.5385    -1.89346
16.6346    0.226563
16.7308    2.22563
16.8269    3.80739
16.9231    4.69998
17.0192    4.74343
17.1154    3.96397
17.2115    2.596
17.3077    1.03087
17.4038    -0.296118
17.5    -1.03875
17.5962    -1.03953
17.6923    -0.356103
17.7885    0.791543
17.8846    2.1232
17.9808    3.3992
18.0769    4.47486
18.1731    5.29165
18.2692    5.82342
18.3654    6.01952
18.4615    5.7855
18.5577    5.01872
18.6538    3.6819
18.75    1.87323
18.8462    -0.150936
18.9423    -2.02306
19.0385    -3.36938
19.1346    -3.9317
19.2308    -3.65553
19.3269    -2.70838
19.4231    -1.42222
19.5192    -0.185126
19.6154    0.675335
19.7115    0.976837
19.8077    0.712815
19.9038    0.0296546
20    -0.831787
20.0962    -1.60735
20.1923    -2.07502
20.2885    -2.10418
20.3846    -1.68321
20.4808    -0.921328
20.5769    -0.0202425
20.6731    0.784018
20.7692    1.29866
20.8654    1.44759
20.9615    1.31023
21.0577    1.10147
21.1538    1.0894
21.25    1.4759
21.3462    2.28774
21.4423    3.32883
21.5385    4.2237
21.6346    4.54431
21.7308    3.97405
21.8269    2.44238
21.9231    0.172904
22.0192    -2.3775
22.1154    -4.66442
22.2115    -6.22737
22.3077    -6.81963
22.4038    -6.45079
22.5    -5.33764
22.5962    -3.79819
22.6923    -2.14295
22.7885    -0.608822
22.8846    0.649312
22.9808    1.52797
23.0769    1.94399
23.1731    1.83628
23.2692    1.2079
23.3654    0.184274
23.4615    -0.955585
23.5577    -1.81248
23.6538    -1.97371
23.75    -1.16321
23.8462    0.623943
23.9423    3.06458
24.0385    5.56517
24.1346    7.42618
24.2308    8.06085
24.3269    7.19106
24.4231    4.94885
24.5192    1.84586
24.6154    -1.37851
24.7115    -3.97665
24.8077    -5.40459
24.9038    -5.45811
25    -4.29581
25.0962    -2.35336
25.1923    -0.188919
25.2885    1.68261
25.3846    2.91356
25.4808    3.37501
25.5769    3.13502
25.6731    2.38753
25.7692    1.36749
25.8654    0.28385
25.9615    -0.713477
26.0577    -1.53467
26.1538    -2.13441
26.25    -2.49709
26.3462    -2.633
26.4423    -2.5831
26.5385    -2.42098
26.6346    -2.23954
26.7308    -2.11892
26.8269    -2.08584
26.9231    -2.08487
27.0192    -1.98278
27.1154    -1.61457
27.2115    -0.859837
27.3077    0.28041
27.4038    1.64319
27.5    2.92528
27.5962    3.76872
27.6923    3.88294
27.7885    3.15745
27.8846    1.71914
27.9808    -0.0912864
28.0769    -1.81742
28.1731    -3.02402
28.2692    -3.42347
28.3654    -2.94966
28.4615    -1.76084
28.5577    -0.18077
28.6538    1.39353
28.75    2.58565
28.8462    3.11372
28.9423    2.83799
29.0385    1.78551
29.1346    0.154543
29.2308    -1.70581
29.3269    -3.35103
29.4231    -4.33686
29.5192    -4.34281
29.6154    -3.28908
29.7115    -1.39917
29.8077    0.831352
29.9038    2.76854
30    3.84145
30.0962    3.74051
30.1923    2.53403
30.2885    0.650556
30.3846    -1.27214
30.4808    -2.61427
30.5769    -2.98716
30.6731    -2.34843
30.7692    -0.979321
30.8654    0.655174
30.9615    2.09359
31.0577    3.02943
31.1538    3.36926
31.25    3.19149
31.3462    2.64812
31.4423    1.8742
31.5385    0.953841
31.6346    -0.0493257
31.7308    -1.03242
31.8269    -1.81925
31.9231    -2.19113
32.0192    -1.98018
32.1154    -1.17855
32.2115    0.00305886
32.3077    1.17612
32.4038    1.91424
32.5    1.93709
32.5962    1.25184
32.6923    0.176898
32.7885    -0.776675
32.8846    -1.12321
32.9808    -0.626736
33.0769    0.570124
33.1731    1.97505
33.2692    2.92663
33.3654    2.85411
33.4615    1.51
33.5577    -0.917317
33.6538    -3.85183
33.75    -6.51404
33.8462    -8.16603
33.9423    -8.32761
34.0385    -6.89541
34.1346    -4.14125
34.2308    -0.609951
34.3269    3.03571
34.4231    6.17179
34.5192    8.33401
34.6154    9.28472
34.7115    9.02345
34.8077    7.74808
34.9038    5.77876
35    3.46339
35.0962    1.09076
35.1923    -1.15942
35.2885    -3.20814
35.3846    -5.01122
35.4808    -6.46599
35.5769    -7.34285
35.6731    -7.29366
35.7692    -5.95875
35.8654    -3.14381
35.9615    1.01005
36.0577    5.95753
36.1538    10.8468
36.25    14.7776
36.3462    17.1303
36.4423    17.8193
36.5385    17.3327
36.6346    16.4972
36.7308    16.0305
36.8269    16.0592
36.9231    15.833
37.0192    13.817
37.1154    8.20649
37.2115    -2.27471
37.3077    -17.5809
37.4038    -35.8913
37.5    -53.7456
37.5962    -66.8181
37.6923    -71.137
37.7885    -64.3665
37.8846    -46.7085
37.9808    -21.0843
38.0769    7.51145
38.1731    33.3071
38.2692    51.2996
38.3654    58.5577
38.4615    54.8796
38.5577    42.6248
38.6538    25.8214
38.75    8.88477
38.8462    -4.61446
38.9423    -12.7518
39.0385    -15.4242
39.1346    -13.9402
39.2308    -10.2633
39.3269    -6.2287
39.4231    -3.01075
39.5192    -0.972678
39.6154    0.141128
39.7115    0.836253
39.8077    1.52398
39.9038    2.3447
40    3.19084
40.0962    3.8563
40.1923    4.19023
40.2885    4.15695
40.3846    3.77922
40.4808    3.02287
40.5769    1.7212
40.6731    -0.384651
40.7692    -3.48439
40.8654    -7.49132
40.9615    -11.9074
41.0577    -15.8583
41.1538    -18.319
41.25    -18.4566
41.3462    -15.9498
41.4423    -11.1457
41.5385    -4.98239
41.6346    1.29694
41.7308    6.51838
41.8269    9.89358
41.9231    11.1654
42.0192    10.5561
42.1154    8.57895
42.2115    5.82332
42.3077    2.81004
42.4038    -0.0440782
42.5    -2.38516
42.5962    -3.87808
42.6923    -4.22393
42.7885    -3.25257
42.8846    -1.04371
42.9808    2.00265
43.0769    5.20932
43.1731    7.78495
43.2692    9.04849
43.3654    8.62051
43.4615    6.50164
43.5577    3.01574
43.6538    -1.33641
43.75    -6.0272
43.8462    -10.5815
43.9423    -14.5656
44.0385    -17.5316
44.1346    -18.9984
44.2308    -18.5323
44.3269    -15.9217
44.4231    -11.3692
44.5192    -5.5805
44.6154    0.337892
44.7115    5.1781
44.8077    8.02641
44.9038    8.58896
45    7.29404
45.0962    5.10903
45.1923    3.14048
45.2885    2.19031
45.3846    2.46585
45.4808    3.57087
45.5769    4.77164
45.6731    5.4009
45.7692    5.19959
45.8654    4.43099
45.9615    3.71814
46.0577    3.69289
46.1538    4.63599
46.25    6.28787
46.3462    7.92124
46.4423    8.63734
46.5385    7.74224
46.6346    5.0292
46.7308    0.84859
46.8269    -4.0454
46.9231    -8.77888
47.0192    -12.6333
47.1154    -15.1978
47.2115    -16.364
47.3077    -16.2136
47.4038    -14.8925
47.5    -12.5524
47.5962    -9.37847
47.6923    -5.66055
47.7885    -1.83041
47.8846    1.5896
47.9808    4.12495
48.0769    5.51263
48.1731    5.80378
48.2692    5.34344
48.3654    4.62799
48.4615    4.1046
48.5577    4.00699
48.6538    4.3019
48.75    4.76147
48.8462    5.11226
48.9423    5.17662
49.0385    4.93461
49.1346    4.48501
49.2308    3.94279
49.3269    3.34344
49.4231    2.6154
49.5192    1.63657
49.6154    0.338796
49.7115    -1.20512
49.8077    -2.76694
49.9038    -4.03345
50    -4.72521
50.0962    -4.70087
50.1923    -3.99524
50.2885    -2.77992
50.3846    -1.28005
50.4808    0.298095
50.5769    1.78795
50.6731    3.03167
50.7692    3.83731
50.8654    3.97721
50.9615    3.2566
51.0577    1.63259
51.1538    -0.680252
51.25    -3.19121
51.3462    -5.24106
51.4423    -6.21135
51.5385    -5.75192
51.6346    -3.9231
51.7308    -1.18167
51.8269    1.78811
51.9231    4.32342
52.0192    5.99913
52.1154    6.71838
52.2115    6.65068
52.3077    6.06847
52.4038    5.18029
52.5    4.05161
52.5962    2.64724
52.6923    0.95643
52.7885    -0.887126
52.8846    -2.57448
52.9808    -3.71069
53.0769    -3.98301
53.1731    -3.31706
53.2692    -1.93167
53.3654    -0.255897
53.4615    1.25295
53.5577    2.29662
53.6538    2.83107
53.75    3.02237
53.8462    3.09356
53.9423    3.15357
54.0385    3.10967
54.1346    2.71828
54.2308    1.75023
54.3269    0.179287
54.4231    -1.71613
54.5192    -3.40636
54.6154    -4.30732
54.7115    -4.03222
54.8077    -2.57777
54.9038    -0.353422
55    1.96267
55.0962    3.67491
55.1923    4.31579
55.2885    3.7821
55.3846    2.31698
55.4808    0.367761
55.5769    -1.59838
55.6731    -3.23306
55.7692    -4.35088
55.8654    -4.88788
55.9615    -4.82659
56.0577    -4.14727
56.1538    -2.8366
56.25    -0.941239
56.3462    1.37758
56.4423    3.83371
56.5385    6.06745
56.6346    7.73852
56.7308    8.61568
56.8269    8.6218
56.9231    7.81995
57.0192    6.3602
57.1154    4.42472
57.2115    2.20165
57.3077    -0.10861
57.4038    -2.27887
57.5    -4.06502
57.5962    -5.25582
57.6923    -5.74559
57.7885    -5.58675
57.8846    -4.97951
57.9808    -4.18659
58.0769    -3.40702
58.1731    -2.67573
58.2692    -1.85311
58.3654    -0.725681
58.4615    0.823776
58.5577    2.66665
58.6538    4.39284
58.75    5.43271
58.8462    5.29928
58.9423    3.84222
59.0385    1.38388
59.1346    -1.34749
59.2308    -3.4786
59.3269    -4.34048
59.4231    -3.74992
59.5192    -2.08966
59.6154    -0.143941
59.7115    1.24061
59.8077    1.5169
59.9038    0.659228
60    -0.851058
60.0962    -2.26184
60.1923    -2.89314
60.2885    -2.42785
60.3846    -1.02386
60.4808    0.789364
60.5769    2.36637
60.6731    3.2262
60.7692    3.23115
60.8654    2.59609
60.9615    1.7445
61.0577    1.0943
61.1538    0.876997
61.25    1.06378
61.3462    1.41397
61.4423    1.60516
61.5385    1.37738
61.6346    0.631484
61.7308    -0.545553
61.8269    -1.9212
61.9231    -3.19523
62.0192    -4.08509
62.1154    -4.39869
62.2115    -4.08534
62.3077    -3.25784
62.4038    -2.17707
62.5    -1.19088
62.5962    -0.631163
62.6923    -0.693874
62.7885    -1.34608
62.8846    -2.3069
62.9808    -3.12671
63.0769    -3.34725
63.1731    -2.6832
63.2692    -1.14682
63.3654    0.944513
63.4615    3.08743
63.5577    4.78768
63.6538    5.74276
63.75    5.92789
63.8462    5.54947
63.9423    4.89713
64.0385    4.17738
64.1346    3.41979
64.2308    2.50539
64.3269    1.29801
64.4231    -0.200528
64.5192    -1.76753
64.6154    -3.00815
64.7115    -3.52294
64.8077    -3.11232
64.9038    -1.90809
65    -0.35276
65.0962    0.976981
65.1923    1.62495
65.2885    1.46551
65.3846    0.76319
65.4808    0.0474119
65.5769    -0.141241
65.6731    0.487056
65.7692    1.82618
65.8654    3.41362
65.9615    4.63339
66.0577    4.98375
66.1538    4.28412
66.25    2.73048
66.3462    0.784719
66.4423    -1.03783
66.5385    -2.37625
66.6346    -3.1335
66.7308    -3.45035
66.8269    -3.57536
66.9231    -3.70879
67.0192    -3.89987
67.1154    -4.03975
67.2115    -3.93816
67.3077    -3.43188
67.4038    -2.46569
67.5    -1.11147
67.5962    0.470242
67.6923    2.09189
67.7885    3.5854
67.8846    4.81468
67.9808    5.66384
68.0769    6.02869
68.1731    5.83465
68.2692    5.08111
68.3654    3.88568
68.4615    2.49123
68.5577    1.21181
68.6538    0.3268
68.75    -0.0345374
68.8462    0.0387969
68.9423    0.259788
69.0385    0.253768
69.1346    -0.283349
69.2308    -1.44688
69.3269    -3.0667
69.4231    -4.75761
69.5192    -6.0545
69.6154    -6.57386
69.7115    -6.13571
69.8077    -4.80268
69.9038    -2.83298
70    -0.580555
70.0962    1.60877
70.1923    3.46562
70.2885    4.81689
70.3846    5.57091
70.4808    5.69449
70.5769    5.20317
70.6731    4.16804
70.7692    2.72573
70.8654    1.073
70.9615    -0.563431
71.0577    -1.97438
71.1538    -3.01198
71.25    -3.6086
71.3462    -3.76255
71.4423    -3.5015
71.5385    -2.84744
71.6346    -1.80663
71.7308    -0.392548
71.8269    1.33105
71.9231    3.21404
72.0192    5.01766
72.1154    6.45642
72.2115    7.27166
72.3077    7.30709
72.4038    6.55409
72.5    5.14913
72.5962    3.32785
72.6923    1.35949
72.7885    -0.509383
72.8846    -2.08328
72.9808    -3.2185
73.0769    -3.81287
73.1731    -3.80545
73.2692    -3.19719
73.3654    -2.08524
73.4615    -0.688141
73.5577    0.663583
73.6538    1.58499
73.75    1.73381
73.8462    0.917587
73.9423    -0.827644
74.0385    -3.21874
74.1346    -5.77778
74.2308    -7.94185
74.3269    -9.19804
74.4231    -9.20566
74.5192    -7.87467
74.6154    -5.38471
74.7115    -2.14545
74.8077    1.28842
74.9038    4.32791
75    6.46487
75.0962    7.37096
75.1923    6.96253
75.2885    5.41767
75.3846    3.13917
75.4808    0.668371
75.5769    -1.43323
75.6731    -2.70811
75.7692    -2.90293
75.8654    -2.02062
75.9615    -0.312335
76.0577    1.78769
76.1538    3.76762
76.25    5.15905
76.3462    5.64623
76.4423    5.13916
76.5385    3.79326
76.6346    1.96846
76.7308    0.13375
76.8269    -1.2623
76.9231    -1.92122
77.0192    -1.78537
77.1154    -1.05655
77.2115    -0.129657
77.3077    0.542435
77.4038    0.608593
77.5    -0.0541764
77.5962    -1.29735
77.6923    -2.75995
77.7885    -4.00828
77.8846    -4.70042
77.9808    -4.70775
78.0769    -4.14373
78.1731    -3.2909
78.2692    -2.46209
78.3654    -1.86063
78.4615    -1.50346
78.5577    -1.23966
78.6538    -0.851333
78.75    -0.185013
78.8462    0.751909
78.9423    1.77653
79.0385    2.60446
79.1346    2.97686
79.2308    2.78088
79.3269    2.10841
79.4231    1.22829
79.5192    0.486282
79.6154    0.177421
79.7115    0.442639
79.8077    1.22624
79.9038    2.30197
80    3.34881
80.0962    4.04445
80.1923    4.14755
80.2885    3.55218
80.3846    2.31129
80.4808    0.631525
80.5769    -1.15947
80.6731    -2.67436
80.7692    -3.55359
80.8654    -3.56525
80.9615    -2.68911
81.0577    -1.1499
81.1538    0.625898
81.25    2.12891
81.3462    2.92769
81.4423    2.81288
81.5385    1.86592
81.6346    0.420004
81.7308    -1.07355
81.8269    -2.21864
81.9231    -2.81315
82.0192    -2.89454
82.1154    -2.67713
82.2115    -2.4171
82.3077    -2.27537
82.4038    -2.24726
82.5    -2.19296
82.5962    -1.94908
82.6923    -1.45901
82.7885    -0.847095
82.8846    -0.389128
82.9808    -0.383839
83.0769    -0.982849
83.1731    -2.06304
83.2692    -3.21141
83.3654    -3.84431
83.4615    -3.42196
83.5577    -1.67423
83.6538    1.25517
83.75    4.80791
83.8462    8.15855
83.9423    10.4576
84.0385    11.0834
84.1346    9.81721
84.2308    6.89017
84.3269    2.8986
84.4231    -1.37075
84.5192    -5.14224
84.6154    -7.81922
84.7115    -9.08087
84.8077    -8.90014
84.9038    -7.49904
85    -5.26865
85.0962    -2.67949
85.1923    -0.199069
85.2885    1.77605
85.3846    2.97174
85.4808    3.26987
85.5769    2.7202
85.6731    1.52582
85.7692    -0.000179375
85.8654    -1.50262
85.9615    -2.66433
86.0577    -3.27914
86.1538    -3.29669
86.25    -2.82367
86.3462    -2.07789
86.4423    -1.30745
86.5385    -0.701183
86.6346    -0.322593
86.7308    -0.0939302
86.8269    0.160219
86.9231    0.623988
87.0192    1.39075
87.1154    2.39601
87.2115    3.41569
87.3077    4.13689
87.4038    4.27649
87.5    3.69951
87.5962    2.48537
87.6923    0.910386
87.7885    -0.649089
87.8846    -1.85287
87.9808    -2.51368
88.0769    -2.64414
88.1731    -2.41599
88.2692    -2.05503
88.3654    -1.72521
88.4615    -1.45908
88.5577    -1.16711
88.6538    -0.717177
88.75    -0.0391116
88.8462    0.803729
88.9423    1.61673
89.0385    2.15189
89.1346    2.22302
89.2308    1.79937
89.3269    1.02919
89.4231    0.180203
89.5192    -0.473891
89.6154    -0.764916
89.7115    -0.686523
89.8077    -0.372187
89.9038    -0.0125952
90    0.240284
90.0962    0.332515
90.1923    0.305529
90.2885    0.243121
90.3846    0.207623
90.4808    0.207483
90.5769    0.214835
90.6731    0.216249
90.7692    0.254786
90.8654    0.423379
90.9615    0.799506
91.0577    1.35274
91.1538    1.8849
91.25    2.05758
91.3462    1.52089
91.4423    0.100118
91.5385    -2.04733
91.6346    -4.39569
91.7308    -6.18094
91.8269    -6.66722
91.9231    -5.44789
92.0192    -2.6499
92.1154    1.05953
92.2115    4.68351
92.3077    7.24742
92.4038    8.14952
92.5    7.36361
92.5962    5.4093
92.6923    3.1059
92.7885    1.22009
92.8846    0.161353
92.9808    -0.145899
93.0769    -0.166883
93.1731    -0.490942
93.2692    -1.52207
93.3654    -3.26516
93.4615    -5.2988
93.5577    -6.93955
93.6538    -7.51917
93.75    -6.65328
93.8462    -4.39182
93.9423    -1.19948
94.0385    2.21132
94.1346    5.1161
94.2308    6.98666
94.3269    7.60123
94.4231    7.03635
94.5192    5.57006
94.6154    3.55494
94.7115    1.31702
94.8077    -0.888932
94.9038    -2.8715
95    -4.46958
95.0962    -5.52796
95.1923    -5.90273
95.2885    -5.49636
95.3846    -4.3046
95.4808    -2.4495
95.5769    -0.179184
95.6731    2.17079
95.7692    4.24415
95.8654    5.73798
95.9615    6.46189
96.0577    6.36659
96.1538    5.53696
96.25    4.15623
96.3462    2.45561
96.4423    0.665919
96.5385    -1.01563
96.6346    -2.43851
96.7308    -3.49552
96.8269    -4.11377
96.9231    -4.25137
97.0192    -3.90637
97.1154    -3.13441
97.2115    -2.0626
97.3077    -0.884123
97.4038    0.176509
97.5    0.923289
97.5962    1.25414
97.6923    1.20323
97.7885    0.935452
97.8846    0.686232
97.9808    0.664548
98.0769    0.957551
98.1731    1.48015
98.2692    1.99758
98.3654    2.2184
98.4615    1.92249
98.5577    1.06944
98.6538    -0.162664
98.75    -1.43019
98.8462    -2.35043
98.9423    -2.65029
99.0385    -2.27432
99.1346    -1.40578
99.2308    -0.392056
99.3269    0.393198
99.4231    0.692507
99.5192    0.453264
99.6154    -0.169909
99.7115    -0.893226
99.8077    -1.4232
99.9038    -1.56521
100    -1.27972
100.096    -0.67232
100.192    0.0664502
100.288    0.737494
100.385    1.19221
100.481    1.35657
100.577    1.22338
100.673    0.830037
100.769    0.240396
100.865    -0.460852
100.962    -1.16646
101.058    -1.75084
101.154    -2.09055
101.25    -2.10013
101.346    -1.76894
101.442    -1.1792
101.538    -0.490579
101.635    0.107935
101.731    0.461937
101.827    0.504654
101.923    0.276212
102.019    -0.0991446
102.115    -0.467158
102.212    -0.704593
102.308    -0.760929
102.404    -0.664909
102.5    -0.497261
102.596    -0.346051
102.692    -0.267068
102.788    -0.266439
102.885    -0.309806
102.981    -0.349111
103.077    -0.350778
103.173    -0.310965
103.269    -0.252237
103.365    -0.206518
103.462    -0.195536
103.558    -0.21973
103.654    -0.260445
103.75    -0.292447
103.846    -0.298549
103.942    -0.278062
104.038    -0.245203
104.135    -0.219531
104.231    -0.214594
104.327    -0.231134
104.423    -0.257963
104.519    -0.279095
104.615    -0.282602
104.712    -0.266398
104.808    -0.238449
104.904    -0.212106
105    -0.199516
105.096    -0.20633
105.192    -0.22959
105.288    -0.258858
105.385    -0.27945
105.481    -0.276554
105.577    -0.239485
105.673    -0.165618
105.769    -0.0632477
105.865    0.0480117
105.962    0.140705
106.058    0.187222
106.154    0.169862
106.25    0.0893826
106.346    -0.0323652
106.442    -0.158289
106.538    -0.249204
106.635    -0.279208
106.731    -0.246339
106.827    -0.173125
106.923    -0.0961368
107.019    -0.0490291
107.115    -0.0470373
107.212    -0.0804532
107.308    -0.120306
107.404    -0.133411
107.5    -0.0992366
107.596    -0.0202087
107.692    0.0794735
107.788    0.165468
107.885    0.209055
107.981    0.198945
108.077    0.143538
108.173    0.0635019
108.269    -0.0203472
108.365    -0.0966226
108.462    -0.165213
108.558    -0.231054
108.654    -0.294434
108.75    -0.344561
108.846    -0.361219
108.942    -0.324486
109.038    -0.227474
109.135    -0.0847622
109.231    0.0689715
109.327    0.190576
109.423    0.245278
109.519    0.220734
109.615    0.131486
109.712    0.0117411
109.808    -0.0997802
109.904    -0.175474
110    -0.207635
110.096    -0.20694
110.192    -0.192588
110.288    -0.180084
110.385    -0.173285
110.481    -0.164499
110.577    -0.141711
110.673    -0.0982404
110.769    -0.0390546
110.865    0.019819
110.962    0.0583904
111.058    0.062365
111.154    0.0301942
111.25    -0.0260447
111.346    -0.0861278
111.442    -0.130463
111.538    -0.147712
111.635    -0.137797
111.731    -0.109527
111.827    -0.0748141
111.923    -0.0428671
112.019    -0.0172301
112.115    0.00343206
112.212    0.0220028
112.308    0.0394153
112.404    0.0530643
112.5    0.0578404
112.596    0.0489563
112.692    0.0248773
112.788    -0.0111614
112.885    -0.0516645
112.981    -0.0870119
113.077    -0.108245
113.173    -0.109551
113.269    -0.0898713
113.365    -0.0534122
113.462    -0.00898821
113.558    0.0318798
113.654    0.0580113
113.75    0.062194
113.846    0.0442164
113.942    0.0118269
114.038    -0.0214137
114.135    -0.0411676
114.231    -0.0384675
114.327    -0.0141959
114.423    0.020582
114.519    0.0491964
114.615    0.0571825
114.712    0.0397391
114.808    0.00500046
114.904    -0.0289396
115    -0.0422734
115.096    -0.02321
115.192    0.0256322
115.288    0.0875781
115.385    0.139132
115.481    0.16074
115.577    0.145819
115.673    0.103572
115.769    0.0541759
115.865    0.0187997
115.962    0.00948995
116.058    0.0239899
116.154    0.0479375
116.25    0.0630723
116.346    0.0570455
116.442    0.0297445
116.538    -0.00697598
116.635    -0.0357414
116.731    -0.0426975
116.827    -0.0243841
116.923    0.0109524
117.019    0.0479449
117.115    0.0718634
117.212    0.0753732
117.308    0.0609578
117.404    0.0382028
117.5    0.0178946
117.596    0.00638405
117.692    0.00318176
117.788    0.00271032
117.885    -0.00123335
117.981    -0.0111197
118.077    -0.0239407
118.173    -0.0329079
118.269    -0.0314222
118.365    -0.0169579
118.462    0.00726765
118.558    0.0335828
118.654    0.0531895
118.75    0.0596384
118.846    0.0507503
118.942    0.0283925
119.038    -0.00320936
119.135    -0.0392892
119.231    -0.0754388
119.327    -0.107465
119.423    -0.130964
119.519    -0.141597
119.615    -0.136474
119.712    -0.116047
119.808    -0.0852807
119.904    -0.0529435
120    -0.028859
120.096    -0.020159
120.192    -0.0283349
120.288    -0.0486431
120.385    -0.072276
120.481    -0.0902711
120.577    -0.0972328
120.673    -0.0930839
120.769    -0.0821771
120.865    -0.0705183
120.962    -0.0627773
121.058    -0.0606703
121.154    -0.0633096
121.25    -0.0688621
121.346    -0.0761284
121.442    -0.0848762
121.538    -0.0947638
121.635    -0.103797
121.731    -0.107725
121.827    -0.101266
121.923    -0.0808209
122.019    -0.047212
122.115    -0.00665226
122.212    0.0310214
122.308    0.0562884
122.404    0.0641466
122.5    0.0563252
122.596    0.0402263
122.692    0.0250814
122.788    0.0173918
122.885    0.018166
122.981    0.0234685
123.077    0.0278843
123.173    0.0287723
123.269    0.0286633
123.365    0.0342022
123.462    0.0520796
123.558    0.0842777
123.654    0.125534
123.75    0.164811
123.846    0.19031
123.942    0.195466
124.038    0.182609
124.135    0.162087
124.231    0.14711
124.327    0.146909
124.423    0.161901
124.519    0.183526
124.615    0.198949
124.712    0.198196
124.808    0.179882
124.904    0.152441
