-25    1.4124
-24.9038    1.31345
-24.8077    1.18532
-24.7115    1.03731
-24.6154    0.880558
-24.5192    0.721921
-24.4231    0.561675
-24.3269    0.39607
-24.2308    0.222915
-24.1346    0.0463442
-24.0385    -0.122574
-23.9423    -0.270194
-23.8462    -0.387272
-23.75    -0.474439
-23.6538    -0.542643
-23.5577    -0.607853
-23.4615    -0.682603
-23.3654    -0.768954
-23.2692    -0.856796
-23.1731    -0.928571
-23.0769    -0.967937
-22.9808    -0.967708
-22.8846    -0.932809
-22.7885    -0.876776
-22.6923    -0.813921
-22.5962    -0.751637
-22.5    -0.687152
-22.4038    -0.610401
-22.3077    -0.511211
-22.2115    -0.386549
-22.1154    -0.24365
-22.0192    -0.0972376
-21.9231    0.0375071
-21.8269    0.152212
-21.7308    0.24871
-21.6346    0.336746
-21.5385    0.427437
-21.4423    0.526293
-21.3462    0.629709
-21.25    0.726772
-21.1538    0.805103
-21.0577    0.857219
-20.9615    0.883769
-20.8654    0.891955
-20.7692    0.890331
-20.6731    0.883253
-20.5769    0.868297
-20.4808    0.838053
-20.3846    0.785021
-20.2885    0.706495
-20.1923    0.6064
-20.0962    0.493029
-20    0.374166
-19.9038    0.252718
-19.8077    0.125642
-19.7115    -0.0130982
-19.6154    -0.167368
-19.5192    -0.334735
-19.4231    -0.506062
-19.3269    -0.669238
-19.2308    -0.814891
-19.1346    -0.940586
-19.0385    -1.05084
-18.9423    -1.15282
-18.8462    -1.25016
-18.75    -1.33892
-18.6538    -1.40826
-18.5577    -1.44586
-18.4615    -1.44523
-18.3654    -1.41039
-18.2692    -1.35492
-18.1731    -1.29543
-18.0769    -1.24277
-17.9808    -1.19572
-17.8846    -1.14115
-17.7885    -1.06063
-17.6923    -0.94027
-17.5962    -0.778568
-17.5    -0.587853
-17.4038    -0.388637
-17.3077    -0.19991
-17.2115    -0.0306808
-17.1154    0.122648
-17.0192    0.271859
-16.9231    0.428177
-16.8269    0.594336
-16.7308    0.762011
-16.6346    0.915995
-16.5385    1.04252
-16.4423    1.13672
-16.3462    1.20474
-16.25    1.25915
-16.1538    1.31046
-16.0577    1.35969
-15.9615    1.39669
-15.8654    1.40544
-15.7692    1.37329
-15.6731    1.29888
-15.5769    1.19371
-15.4808    1.07607
-15.3846    0.960582
-15.2885    0.849187
-15.1923    0.729144
-15.0962    0.579796
-15    0.38486
-14.9038    0.143684
-14.8077    -0.124979
-14.7115    -0.389308
-14.6154    -0.618129
-14.5192    -0.795118
-14.4231    -0.926063
-14.3269    -1.0352
-14.2308    -1.15225
-14.1346    -1.2966
-14.0385    -1.46672
-13.9423    -1.64001
-13.8462    -1.78312
-13.75    -1.86741
-13.6538    -1.88168
-13.5577    -1.83605
-13.4615    -1.75555
-13.3654    -1.667
-13.2692    -1.58618
-13.1731    -1.51154
-13.0769    -1.42702
-12.9808    -1.31195
-12.8846    -1.15253
-12.7885    -0.949065
-12.6923    -0.715868
-12.5962    -0.474521
-12.5    -0.244373
-12.4038    -0.0350555
-12.3077    0.15576
-12.2115    0.339036
-12.1154    0.527721
-12.0192    0.730101
-11.9231    0.945841
-11.8269    1.16571
-11.7308    1.37431
-11.6346    1.5544
-11.5385    1.69129
-11.4423    1.77646
-11.3462    1.80977
-11.25    1.79977
-11.1538    1.76159
-11.0577    1.71229
-10.9615    1.66479
-10.8654    1.62238
-10.7692    1.57668
-10.6731    1.51077
-10.5769    1.40706
-10.4808    1.2569
-10.3846    1.06698
-10.2885    0.85891
-10.1923    0.660871
-10.0962    0.494665
-10    0.364441
-9.90385    0.253193
-9.80769    0.129812
-9.71154    -0.0358676
-9.61538    -0.257074
-9.51923    -0.521315
-9.42308    -0.793789
-9.32692    -1.03192
-9.23077    -1.20406
-9.13462    -1.30291
-9.03846    -1.3467
-8.94231    -1.36743
-8.84615    -1.39234
-8.75    -1.42863
-8.65385    -1.45981
-8.55769    -1.45571
-8.46154    -1.39087
-8.36538    -1.26084
-8.26923    -1.08705
-8.17308    -0.906735
-8.07692    -0.752982
-7.98077    -0.635665
-7.88462    -0.53416
-7.78846    -0.406805
-7.69231    -0.212948
-7.59615    0.0637037
-7.5    0.403024
-7.40385    0.75466
-7.30769    1.05989
-7.21154    1.27803
-7.11538    1.40346
-7.01923    1.46441
-6.92308    1.50389
-6.82692    1.55349
-6.73077    1.61414
-6.63462    1.65498
-6.53846    1.63107
-6.44231    1.51049
-6.34615    1.29564
-6.25    1.02648
-6.15385    0.762698
-6.05769    0.553983
-5.96154    0.413956
-5.86538    0.312548
-5.76923    0.191747
-5.67308    -0.00271918
-5.57692    -0.290207
-5.48077    -0.64125
-5.38462    -0.988968
-5.28846    -1.2605
-5.19231    -1.41237
-5.09615    -1.45102
-5    -1.42742
-4.90385    -1.40802
-4.80769    -1.43701
-4.71154    -1.50994
-4.61538    -1.57301
-4.51923    -1.54916
-4.42308    -1.37815
-4.32692    -1.04998
-4.23077    -0.614316
-4.13462    -0.160693
-4.03846    0.220785
-3.94231    0.478662
-3.84615    0.619619
-3.75    0.698834
-3.65385    0.786522
-3.55769    0.927816
-3.46154    1.11604
-3.36538    1.29221
-3.26923    1.37019
-3.17308    1.27465
-3.07692    0.973529
-2.98077    0.490784
-2.88462    -0.104065
-2.78846    -0.721955
-2.69231    -1.28215
-2.59615    -1.73001
-2.5    -2.04046
-2.40385    -2.21117
-2.30769    -2.25412
-2.21154    -2.19184
-2.11538    -2.05867
-2.01923    -1.90107
-1.92308    -1.77033
-1.82692    -1.70542
-1.73077    -1.71233
-1.63462    -1.75186
-1.53846    -1.74711
-1.44231    -1.61299
-1.34615    -1.29781
-1.25    -0.817373
-1.15385    -0.262335
-1.05769    0.229743
-0.961538    0.528718
-0.865385    0.568775
-0.769231    0.379976
-0.673077    0.0766491
-0.576923    -0.194677
-0.480769    -0.324189
-0.384615    -0.290707
-0.288462    -0.169355
-0.192308    -0.0890159
-0.0961538    -0.159406
1.45661e-13    -0.404624
0.0961538    -0.738844
0.192308    -0.999779
0.288462    -1.0261
0.384615    -0.740964
0.480769    -0.198063
0.576923    0.436421
0.673077    0.960825
0.769231    1.2374
0.865385    1.2633
0.961538    1.1735
1.05769    1.16884
1.15385    1.4006
1.25    1.86899
1.34615    2.3901
1.44231    2.65673
1.53846    2.37287
1.63462    1.40392
1.73077    -0.128477
1.82692    -1.85679
1.92308    -3.28749
2.01923    -3.98425
2.11538    -3.73761
2.21154    -2.64736
2.30769    -1.08129
2.40385    0.471945
2.5    1.59176
2.59615    2.07505
2.69231    1.98436
2.78846    1.58069
2.88462    1.17875
2.98077    0.996441
3.07692    1.06834
3.17308    1.2596
3.26923    1.36589
3.36538    1.24362
3.46154    0.900951
3.55769    0.501683
3.65385    0.278693
3.75    0.400779
3.84615    0.861943
3.94231    1.45356
4.03846    1.84078
4.13462    1.71334
4.23077    0.942443
4.32692    -0.331699
4.42308    -1.72867
4.51923    -2.7679
4.61538    -3.06364
4.71154    -2.49108
4.80769    -1.25003
4.90385    0.204609
5    1.33873
5.09615    1.74857
5.19231    1.3169
5.28846    0.252241
5.38462    -1.00228
5.48077    -1.94901
5.57692    -2.22836
5.67308    -1.74634
5.76923    -0.691018
5.86538    0.558764
5.96154    1.58563
6.05769    2.07999
6.15385    1.92473
6.25    1.19633
6.34615    0.099689
6.44231    -1.12076
6.53846    -2.24969
6.63462    -3.1263
6.73077    -3.63303
6.82692    -3.67572
6.92308    -3.18482
7.01923    -2.14902
7.11538    -0.665044
7.21154    1.03192
7.30769    2.59189
7.40385    3.63877
7.5    3.89932
7.59615    3.31938
7.69231    2.10884
7.78846    0.682323
7.88462    -0.492399
7.98077    -1.08014
8.07692    -1.01759
8.17308    -0.539049
8.26923    -0.0681279
8.36538    -0.015777
8.46154    -0.571027
8.55769    -1.58079
8.65385    -2.5809
8.75    -2.97592
8.84615    -2.29807
8.94231    -0.436095
9.03846    2.26799
9.13462    5.10401
9.23077    7.23472
9.32692    8.00041
9.42308    7.1663
9.51923    5.01359
9.61538    2.23839
9.71154    -0.300407
9.80769    -1.88446
9.90385    -2.1739
10    -1.29426
10.0962    0.249914
10.1923    1.78865
10.2885    2.73592
10.3846    2.77815
10.4808    1.93878
10.5769    0.511277
10.6731    -1.09391
10.7692    -2.51457
10.8654    -3.54508
10.9615    -4.15225
11.0577    -4.40803
11.1538    -4.38513
11.25    -4.07415
11.3462    -3.36712
11.4423    -2.1176
11.5385    -0.250049
11.6346    2.13447
11.7308    4.71134
11.8269    6.97687
11.9231    8.37991
12.0192    8.49863
12.1154    7.19814
12.2115    4.70726
12.3077    1.57911
12.4038    -1.45777
12.5    -3.71064
12.5962    -4.72453
12.6923    -4.40587
12.7885    -3.02652
12.8846    -1.1107
12.9808    0.750625
13.0769    2.08887
13.1731    2.68375
13.2692    2.5871
13.3654    2.04699
13.4615    1.372
13.5577    0.79505
13.6538    0.390008
13.75    0.0677504
13.8462    -0.356786
13.9423    -1.06268
14.0385    -2.1321
14.1346    -3.50603
14.2308    -4.99824
14.3269    -6.35474
14.4231    -7.32988
14.5192    -7.74991
14.6154    -7.54568
14.7115    -6.75203
14.8077    -5.48377
14.9038    -3.90193
15    -2.18112
15.0962    -0.482755
15.1923    1.06504
15.2885    2.38023
15.3846    3.42968
15.4808    4.21923
15.5769    4.77173
15.6731    5.10084
15.7692    5.19323
15.8654    5.01099
15.9615    4.51686
16.0577    3.71127
16.1538    2.66023
16.25    1.49339
16.3462    0.365372
16.4423    -0.605361
16.5385    -1.38867
16.6346    -2.05231
16.7308    -2.71321
16.8269    -3.44603
16.9231    -4.19351
17.0192    -4.73302
17.1154    -4.73441
17.2115    -3.9017
17.3077    -2.14364
17.4038    0.308781
17.5    2.90944
17.5962    4.95088
17.6923    5.8193
17.7885    5.24924
17.8846    3.46324
17.9808    1.1206
18.0769    -0.921468
18.1731    -1.94582
18.2692    -1.6731
18.3654    -0.387962
18.4615    1.16958
18.5577    2.11101
18.6538    1.78092
18.75    0.0534009
18.8462    -2.58311
18.9423    -5.19173
19.0385    -6.7379
19.1346    -6.48342
19.2308    -4.2673
19.3269    -0.56718
19.4231    3.6733
19.5192    7.37294
19.6154    9.6647
19.7115    10.141
19.8077    8.91725
19.9038    6.5151
20    3.63584
20.0962    0.921789
20.1923    -1.20786
20.2885    -2.60613
20.3846    -3.34338
20.4808    -3.59658
20.5769    -3.54042
20.6731    -3.28184
20.7692    -2.85104
20.8654    -2.23536
20.9615    -1.42825
21.0577    -0.466512
21.1538    0.559512
21.25    1.52432
21.3462    2.30418
21.4423    2.81737
21.5385    3.05236
21.6346    3.07243
21.7308    2.99231
21.8269    2.93148
21.9231    2.95884
22.0192    3.05054
22.1154    3.08246
22.2115    2.86885
22.3077    2.23964
22.4038    1.12901
22.5    -0.364193
22.5962    -1.97834
22.6923    -3.36379
22.7885    -4.20823
22.8846    -4.36239
22.9808    -3.90801
23.0769    -3.13037
23.1731    -2.39816
23.2692    -1.9983
23.3654    -1.9992
23.4615    -2.20897
23.5577    -2.25547
23.6538    -1.75921
23.75    -0.524563
23.8462    1.33855
23.9423    3.42202
24.0385    5.1587
24.1346    6.0357
24.2308    5.78994
24.3269    4.50178
24.4231    2.54988
24.5192    0.453896
24.6154    -1.31934
24.7115    -2.49861
24.8077    -3.04367
24.9038    -3.07349
25    -2.74137
25.0962    -2.13339
25.1923    -1.24826
25.2885    -0.0660021
25.3846    1.34101
25.4808    2.7304
25.5769    3.70812
25.6731    3.85605
25.7692    2.92102
25.8654    0.976126
25.9615    -1.53219
26.0577    -3.89164
26.1538    -5.35611
26.25    -5.41203
26.3462    -3.96885
26.4423    -1.39319
26.5385    1.62638
26.6346    4.32444
26.7308    6.11004
26.8269    6.72441
26.9231    6.25367
27.0192    5.01363
27.1154    3.37777
27.2115    1.63539
27.3077    -0.0611217
27.4038    -1.65546
27.5    -3.09897
27.5962    -4.28199
27.6923    -5.03364
27.7885    -5.19313
27.8846    -4.70904
27.9808    -3.70226
28.0769    -2.44533
28.1731    -1.25766
28.2692    -0.365621
28.3654    0.197469
28.4615    0.592217
28.5577    1.06496
28.6538    1.78018
28.75    2.68021
28.8462    3.4525
28.9423    3.6353
29.0385    2.82315
29.1346    0.879853
29.2308    -1.94418
29.3269    -5.05295
29.4231    -7.69457
29.5192    -9.22014
29.6154    -9.30002
29.7115    -8.007
29.8077    -5.7395
29.9038    -3.03253
30    -0.352554
30.0962    2.02936
30.1923    4.03992
30.2885    5.70401
30.3846    7.01766
30.4808    7.87697
30.5769    8.10756
30.6731    7.57633
30.7692    6.31476
30.8654    4.57147
30.9615    2.74838
31.0577    1.24047
31.1538    0.257558
31.25    -0.275163
31.3462    -0.67571
31.4423    -1.33246
31.5385    -2.48056
31.6346    -4.04105
31.7308    -5.61094
31.8269    -6.61994
31.9231    -6.58535
32.0192    -5.34436
32.1154    -3.15008
32.2115    -0.581773
32.3077    1.69044
32.4038    3.17614
32.5    3.74431
32.5962    3.63271
32.6923    3.29121
32.7885    3.14283
32.8846    3.38091
32.9808    3.89595
33.0769    4.35648
33.1731    4.39148
33.2692    3.77698
33.3654    2.5371
33.4615    0.920787
33.5577    -0.718593
33.6538    -2.06994
33.75    -2.96492
33.8462    -3.39634
33.9423    -3.46858
34.0385    -3.3269
34.1346    -3.11098
34.2308    -2.94687
34.3269    -2.95496
34.4231    -3.2359
34.5192    -3.81514
34.6154    -4.56775
34.7115    -5.1811
34.8077    -5.21391
34.9038    -4.26647
35    -2.20739
35.0962    0.654876
35.1923    3.57091
35.2885    5.5721
35.3846    5.85902
35.4808    4.19885
35.5769    1.13789
35.6731    -2.10686
35.7692    -4.07555
35.8654    -3.65498
35.9615    -0.574266
36.0577    4.43167
36.1538    9.89398
36.25    14.2217
36.3462    16.389
36.4423    16.3772
36.5385    15.146
36.6346    14.1144
36.7308    14.3684
36.8269    15.9541
36.9231    17.6078
37.0192    17.0984
37.1154    12.0954
37.2115    1.23503
37.3077    -15.0487
37.4038    -34.2925
37.5    -52.5073
37.5962    -65.2715
37.6923    -69.0427
37.7885    -62.2368
37.8846    -45.7189
37.9808    -22.5687
38.0769    2.76449
38.1731    25.6158
38.2692    42.2016
38.3654    50.3635
38.4615    49.8156
38.5577    41.9215
38.6538    29.1499
38.75    14.4059
38.8462    0.413099
38.9423    -10.7423
39.0385    -17.8595
39.1346    -20.6689
39.2308    -19.7059
39.3269    -16.0607
39.4231    -11.0579
39.5192    -5.93288
39.6154    -1.57584
39.7115    1.59912
39.8077    3.63135
39.9038    4.85704
40    5.68091
40.0962    6.36222
40.1923    6.89231
40.2885    7.00322
40.3846    6.29497
40.4808    4.42455
40.5769    1.28097
40.6731    -2.91853
40.7692    -7.64096
40.8654    -12.1481
40.9615    -15.6633
41.0577    -17.5432
41.1538    -17.4097
41.25    -15.2194
41.3462    -11.2672
41.4423    -6.13251
41.5385    -0.5826
41.6346    4.55221
41.7308    8.51743
41.8269    10.7681
41.9231    11.0734
42.0192    9.56747
42.1154    6.72599
42.2115    3.26683
42.3077    -0.00860655
42.4038    -2.39535
42.5    -3.43932
42.5962    -3.02423
42.6923    -1.36806
42.7885    1.06574
42.8846    3.71098
42.9808    6.04772
43.0769    7.71062
43.1731    8.52678
43.2692    8.48135
43.3654    7.63729
43.4615    6.05317
43.5577    3.74165
43.6538    0.691611
43.75    -3.05462
43.8462    -7.30694
43.9423    -11.6683
44.0385    -15.5539
44.1346    -18.3013
44.2308    -19.3428
44.3269    -18.3824
44.4231    -15.5055
44.5192    -11.1766
44.6154    -6.11891
44.7115    -1.11728
44.8077    3.1823
44.9038    6.40647
45    8.48056
45.0962    9.55387
45.1923    9.87167
45.2885    9.65777
45.3846    9.05671
45.4808    8.14771
45.5769    7.00343
45.6731    5.7453
45.7692    4.5539
45.8654    3.62252
45.9615    3.07722
46.0577    2.90836
46.1538    2.95391
46.25    2.94831
46.3462    2.61579
46.4423    1.76508
46.5385    0.343725
46.6346    -1.56516
46.7308    -3.78907
46.8269    -6.11974
46.9231    -8.34121
47.0192    -10.2238
47.1154    -11.5054
47.2115    -11.8981
47.3077    -11.1486
47.4038    -9.14555
47.5    -6.03053
47.5962    -2.24691
47.6923    1.52376
47.7885    4.54093
47.8846    6.24447
47.9808    6.45865
48.0769    5.46721
48.1731    3.91442
48.2692    2.56157
48.3654    1.99506
48.4615    2.40793
48.5577    3.54706
48.6538    4.84634
48.75    5.68397
48.8462    5.64858
48.9423    4.69888
49.0385    3.15333
49.1346    1.52555
49.2308    0.288602
49.3269    -0.321806
49.4231    -0.381311
49.5192    -0.205664
49.6154    -0.179604
49.7115    -0.57198
49.8077    -1.4212
49.9038    -2.53481
50    -3.59105
50.0962    -4.28638
50.1923    -4.45947
50.2885    -4.14253
50.3846    -3.52911
50.4808    -2.88565
50.5769    -2.45184
50.6731    -2.37045
50.7692    -2.66481
50.8654    -3.25762
50.9615    -4.00983
51.0577    -4.7578
51.1538    -5.33752
51.25    -5.5972
51.3462    -5.40684
51.4423    -4.67204
51.5385    -3.35287
51.6346    -1.48228
51.7308    0.823823
51.8269    3.36995
51.9231    5.89859
52.0192    8.11951
52.1154    9.74773
52.2115    10.5476
52.3077    10.379
52.4038    9.23777
52.5    7.27633
52.5962    4.79171
52.6923    2.17251
52.7885    -0.186999
52.8846    -1.98199
52.9808    -3.06823
53.0769    -3.48094
53.1731    -3.39285
53.2692    -3.02934
53.3654    -2.57878
53.4615    -2.13849
53.5577    -1.71907
53.6538    -1.29847
53.75    -0.890199
53.8462    -0.580984
53.9423    -0.509196
54.0385    -0.789495
54.1346    -1.4231
54.2308    -2.24799
54.3269    -2.96864
54.4231    -3.26581
54.5192    -2.94223
54.6154    -2.03407
54.7115    -0.825945
54.8077    0.251142
54.9038    0.803195
55    0.658522
55.0962    -0.0326267
55.1923    -0.837756
55.2885    -1.21315
55.3846    -0.737126
55.4808    0.694851
55.5769    2.79994
55.6731    4.99569
55.7692    6.61082
55.8654    7.13133
55.9615    6.38203
56.0577    4.57402
56.1538    2.20896
56.25    -0.110199
56.3462    -1.87828
56.4423    -2.81928
56.5385    -2.91117
56.6346    -2.31679
56.7308    -1.27216
56.8269    0.00652528
56.9231    1.35726
57.0192    2.64617
57.1154    3.71476
57.2115    4.34819
57.3077    4.29984
57.4038    3.37438
57.5    1.53656
57.5962    -1.00809
57.6923    -3.80896
57.7885    -6.26209
57.8846    -7.77692
57.9808    -7.96244
58.0769    -6.76427
58.1731    -4.4984
58.2692    -1.76369
58.3654    0.740046
58.4615    2.42666
58.5577    2.99702
58.6538    2.51275
58.75    1.34848
58.8462    0.0446715
58.9423    -0.88265
59.0385    -1.10692
59.1346    -0.576052
59.2308    0.5044
59.3269    1.7733
59.4231    2.85563
59.5192    3.48928
59.6154    3.59462
59.7115    3.27163
59.8077    2.73725
59.9038    2.23517
60    1.95296
60.0962    1.97122
60.1923    2.25238
60.2885    2.66239
60.3846    3.01189
60.4808    3.1049
60.5769    2.78686
60.6731    1.98696
60.7692    0.747563
60.8654    -0.769093
60.9615    -2.30646
61.0577    -3.5731
61.1538    -4.32333
61.25    -4.43265
61.3462    -3.93697
61.4423    -3.01501
61.5385    -1.91643
61.6346    -0.864852
61.7308    0.0202349
61.8269    0.74414
61.9231    1.38843
62.0192    2.01715
62.1154    2.58849
62.2115    2.9245
62.3077    2.76544
62.4038    1.89193
62.5    0.259417
62.5962    -1.9237
62.6923    -4.22145
62.7885    -6.09879
62.8846    -7.10241
62.9808    -7.01513
63.0769    -5.91571
63.1731    -4.12016
63.2692    -2.03734
63.3654    -0.0109717
63.4615    1.77675
63.5577    3.30134
63.6538    4.60826
63.75    5.70217
63.8462    6.48458
63.9423    6.78082
64.0385    6.44386
64.1346    5.47455
64.2308    4.08389
64.3269    2.65032
64.4231    1.58167
64.5192    1.14484
64.6154    1.34862
64.7115    1.9414
64.8077    2.52787
64.9038    2.74755
65    2.42557
65.0962    1.62129
65.1923    0.554849
65.2885    -0.542454
65.3846    -1.56766
65.4808    -2.5953
65.5769    -3.80682
65.6731    -5.33869
65.7692    -7.13561
65.8654    -8.89652
65.9615    -10.1543
66.0577    -10.4584
66.1538    -9.57367
66.25    -7.59465
66.3462    -4.91684
66.4423    -2.07747
66.5385    0.455348
66.6346    2.44095
66.7308    3.89714
66.8269    4.99727
66.9231    5.89788
67.0192    6.59733
67.1154    6.90783
67.2115    6.56045
67.3077    5.38858
67.4038    3.48853
67.5    1.26304
67.5962    -0.690259
67.6923    -1.80464
67.7885    -1.78338
67.8846    -0.739735
67.9808    0.831732
68.0769    2.2451
68.1731    2.89437
68.2692    2.49086
68.3654    1.16912
68.4615    -0.576466
68.5577    -2.09028
68.6538    -2.80324
68.75    -2.43273
68.8462    -1.06707
68.9423    0.880967
69.0385    2.81793
69.1346    4.15058
69.2308    4.44478
69.3269    3.52453
69.4231    1.49993
69.5192    -1.26767
69.6154    -4.24712
69.7115    -6.84809
69.8077    -8.54389
69.9038    -8.98585
70    -8.08433
70.0962    -6.03261
70.1923    -3.26042
70.2885    -0.324934
70.3846    2.23062
70.4808    4.00684
70.5769    4.82609
70.6731    4.73808
70.7692    3.96124
70.8654    2.79077
70.9615    1.51181
71.0577    0.345637
71.1538    -0.56511
71.25    -1.14541
71.3462    -1.37257
71.4423    -1.271
71.5385    -0.915922
71.6346    -0.432234
71.7308    0.0264019
71.8269    0.321064
71.9231    0.378855
72.0192    0.225616
72.1154    -0.0226281
72.2115    -0.213169
72.3077    -0.233734
72.4038    -0.0750352
72.5    0.157056
72.5962    0.292785
72.6923    0.193448
72.7885    -0.155917
72.8846    -0.606653
72.9808    -0.888695
73.0769    -0.725549
73.1731    0.024934
73.2692    1.26893
73.3654    2.6673
73.4615    3.73418
73.5577    4.01189
73.6538    3.25505
73.75    1.54907
73.8462    -0.688427
73.9423    -2.8293
74.0385    -4.23795
74.1346    -4.48268
74.2308    -3.47982
74.3269    -1.52097
74.4231    0.823575
74.5192    2.88806
74.6154    4.11651
74.7115    4.22115
74.8077    3.24545
74.9038    1.51873
75    -0.473084
75.0962    -2.24949
75.1923    -3.47199
75.2885    -4.01117
75.3846    -3.9297
75.4808    -3.4001
75.5769    -2.60069
75.6731    -1.63879
75.7692    -0.534896
75.8654    0.72897
75.9615    2.12566
76.0577    3.5125
76.1538    4.61915
76.25    5.11274
76.3462    4.72171
76.4423    3.36771
76.5385    1.24407
76.6346    -1.20271
76.7308    -3.39243
76.8269    -4.79154
76.9231    -5.0855
77.0192    -4.27551
77.1154    -2.66278
77.2115    -0.730557
77.3077    1.02455
77.4038    2.24273
77.5    2.7775
77.5962    2.68084
77.6923    2.12092
77.7885    1.28304
77.8846    0.303527
77.9808    -0.738455
78.0769    -1.78164
78.1731    -2.73219
78.2692    -3.44216
78.3654    -3.73824
78.4615    -3.49056
78.5577    -2.68653
78.6538    -1.46759
78.75    -0.10339
78.8462    1.09207
78.9423    1.86889
79.0385    2.12788
79.1346    1.94803
79.2308    1.54381
79.3269    1.17168
79.4231    1.02628
79.5192    1.16897
79.6154    1.51576
79.7115    1.88596
79.8077    2.08891
79.9038    2.01264
80    1.67922
80.0962    1.24544
80.1923    0.94695
80.2885    1.00389
80.3846    1.51983
80.4808    2.41075
80.5769    3.39411
80.6731    4.05174
80.7692    3.95571
80.8654    2.82139
80.9615    0.63533
81.0577    -2.29432
81.1538    -5.39555
81.25    -7.99082
81.3462    -9.50709
81.4423    -9.6612
81.5385    -8.54662
81.6346    -6.58196
81.7308    -4.33719
81.8269    -2.30702
81.9231    -0.727506
82.0192    0.483473
82.1154    1.63387
82.2115    3.05411
82.3077    4.87652
82.4038    6.90345
82.5    8.63271
82.5962    9.43917
82.6923    8.83864
82.7885    6.72019
82.8846    3.44299
82.9808    -0.249293
83.0769    -3.46575
83.1731    -5.46283
83.2692    -5.88062
83.3654    -4.83338
83.4615    -2.83047
83.5577    -0.572009
83.6538    1.29227
83.75    2.34964
83.8462    2.4995
83.9423    1.91215
84.0385    0.910818
84.1346    -0.163442
84.2308    -1.05306
84.3269    -1.6275
84.4231    -1.87377
84.5192    -1.85614
84.6154    -1.66888
84.7115    -1.39769
84.8077    -1.09472
84.9038    -0.767693
85    -0.383771
85.0962    0.109486
85.1923    0.747029
85.2885    1.50282
85.3846    2.25929
85.4808    2.81139
85.5769    2.91713
85.6731    2.38509
85.7692    1.16764
85.8654    -0.582395
85.9615    -2.52468
86.0577    -4.21939
86.1538    -5.26164
86.25    -5.40995
86.3462    -4.6563
86.4423    -3.21002
86.5385    -1.40686
86.6346    0.41236
86.7308    1.99794
86.8269    3.22383
86.9231    4.05376
87.0192    4.47434
87.1154    4.44461
87.2115    3.89972
87.3077    2.8121
87.4038    1.27589
87.5    -0.440499
87.5962    -1.91906
87.6923    -2.70413
87.7885    -2.46602
87.8846    -1.14937
87.9808    0.962558
88.0769    3.30503
88.1731    5.19837
88.2692    6.06528
88.3654    5.6186
88.4615    3.95069
88.5577    1.49452
88.6538    -1.12449
88.75    -3.28881
88.8462    -4.57043
88.9423    -4.83625
89.0385    -4.25148
89.1346    -3.19109
89.2308    -2.09681
89.3269    -1.32848
89.4231    -1.05445
89.5192    -1.21007
89.6154    -1.53288
89.7115    -1.66176
89.8077    -1.27013
89.9038    -0.192195
90    1.49929
90.0962    3.49359
90.1923    5.327
90.2885    6.52937
90.3846    6.78349
90.4808    6.03947
90.5769    4.53832
90.6731    2.7311
90.7692    1.12104
90.8654    0.0878806
90.9615    -0.237428
91.0577    0.00123644
91.1538    0.466223
91.25    0.778087
91.3462    0.673713
91.4423    0.10571
91.5385    -0.754005
91.6346    -1.60099
91.7308    -2.13217
91.8269    -2.16719
91.9231    -1.70802
92.0192    -0.919064
92.1154    -0.0453874
92.2115    0.689238
92.3077    1.1598
92.4038    1.36537
92.5    1.40085
92.5962    1.39607
92.6923    1.45261
92.7885    1.60312
92.8846    1.8036
92.9808    1.95422
93.0769    1.93591
93.1731    1.64947
93.2692    1.04837
93.3654    0.160424
93.4615    -0.905103
93.5577    -1.96902
93.6538    -2.81565
93.75    -3.2459
93.8462    -3.1381
93.9423    -2.49608
94.0385    -1.46188
94.1346    -0.280255
94.2308    0.77958
94.3269    1.51837
94.4231    1.8794
94.5192    1.96531
94.6154    1.98675
94.7115    2.15974
94.8077    2.59406
94.9038    3.22203
95    3.80309
95.0962    4.00801
95.1923    3.55176
95.2885    2.32157
95.3846    0.446712
95.4808    -1.72084
95.5769    -3.70953
95.6731    -5.07642
95.7692    -5.54472
95.8654    -5.08086
95.9615    -3.88662
96.0577    -2.31524
96.1538    -0.747807
96.25    0.522674
96.3462    1.35998
96.4423    1.78861
96.5385    1.94122
96.6346    1.97739
96.7308    2.00846
96.8269    2.05606
96.9231    2.05614
97.0192    1.90156
97.1154    1.50295
97.2115    0.842075
97.3077    -0.00305587
97.4038    -0.870682
97.5    -1.56068
97.5962    -1.89631
97.6923    -1.78063
97.7885    -1.22797
97.8846    -0.360548
97.9808    0.627714
98.0769    1.52661
98.1731    2.16513
98.2692    2.44943
98.3654    2.37361
98.4615    2.00443
98.5577    1.45002
98.6538    0.82633
98.75    0.232441
98.8462    -0.26065
98.9423    -0.610426
99.0385    -0.798638
99.1346    -0.827994
99.2308    -0.721037
99.3269    -0.518284
99.4231    -0.271385
99.5192    -0.0298354
99.6154    0.175119
99.7115    0.341646
99.8077    0.495966
99.9038    0.676042
100    0.905846
100.096    1.17217
100.192    1.4169
100.288    1.55159
100.385    1.49086
100.481    1.19111
100.577    0.676886
100.673    0.0416691
100.769    -0.579197
100.865    -1.05311
100.962    -1.29383
101.058    -1.28605
101.154    -1.08183
101.25    -0.772248
101.346    -0.448782
101.442    -0.171775
101.538    0.0412125
101.635    0.205175
101.731    0.343988
101.827    0.467216
101.923    0.559442
102.019    0.586542
102.115    0.514295
102.212    0.328882
102.308    0.0487506
102.404    -0.277578
102.5    -0.586082
102.596    -0.817088
102.692    -0.93202
102.788    -0.921416
102.885    -0.803307
102.981    -0.614967
103.077    -0.402501
103.173    -0.211544
103.269    -0.0801644
103.365    -0.0334565
103.462    -0.0793559
103.558    -0.206342
103.654    -0.384714
103.75    -0.572771
103.846    -0.727316
103.942    -0.815518
104.038    -0.823757
104.135    -0.75988
104.231    -0.648046
104.327    -0.518667
104.423    -0.398108
104.519    -0.302458
104.615    -0.237175
104.712    -0.201156
104.808    -0.191661
104.904    -0.206744
105    -0.244067
105.096    -0.297746
105.192    -0.356438
105.288    -0.4051
105.385    -0.430363
105.481    -0.426753
105.577    -0.399897
105.673    -0.364212
105.769    -0.335682
105.865    -0.323374
105.962    -0.324409
106.058    -0.325451
106.154    -0.310199
106.25    -0.268896
106.346    -0.204604
106.442    -0.132636
106.538    -0.0733458
106.635    -0.0421661
106.731    -0.0423336
106.827    -0.0641719
106.923    -0.091062
107.019    -0.108472
107.115    -0.110824
107.212    -0.102447
107.308    -0.0925134
107.404    -0.0874555
107.5    -0.0858155
107.596    -0.0788675
107.692    -0.0566847
107.788    -0.0158193
107.885    0.0364237
107.981    0.0842216
108.077    0.111145
108.173    0.109314
108.269    0.0843022
108.365    0.0525372
108.462    0.0322681
108.558    0.0330731
108.654    0.050035
108.75    0.0662839
108.846    0.0628985
108.942    0.0308156
109.038    -0.0220439
109.135    -0.0728268
109.231    -0.0943863
109.327    -0.0690924
109.423    0.00153239
109.519    0.0966155
109.615    0.185429
109.712    0.241663
109.808    0.255063
109.904    0.234554
110    0.201627
110.096    0.177982
110.192    0.174247
110.288    0.185694
110.385    0.196706
110.481    0.190897
110.577    0.160884
110.673    0.112274
110.769    0.0600303
110.865    0.0197987
110.962    -0.000519836
111.058    -0.00412617
111.154    -0.00199886
111.25    -0.00525495
111.346    -0.0179672
111.442    -0.0347118
111.538    -0.0441429
111.635    -0.036278
111.731    -0.00908001
111.827    0.0294945
111.923    0.0650137
112.019    0.0834242
112.115    0.0772378
112.212    0.0477511
112.308    0.00260585
112.404    -0.0491644
112.5    -0.101175
112.596    -0.15039
112.692    -0.194595
112.788    -0.229168
112.885    -0.246271
112.981    -0.237963
113.077    -0.201879
113.173    -0.145851
113.269    -0.0878243
113.365    -0.0498166
113.462    -0.04826
113.558    -0.0856395
113.654    -0.148259
113.75    -0.212002
113.846    -0.253621
113.942    -0.261878
114.038    -0.242608
114.135    -0.214869
114.231    -0.20013
114.327    -0.210266
114.423    -0.240897
114.519    -0.273706
114.615    -0.286505
114.712    -0.265555
114.808    -0.213447
114.904    -0.148326
115    -0.0949794
115.096    -0.0727303
115.192    -0.0866049
115.288    -0.12624
115.385    -0.172558
115.481    -0.208022
115.577    -0.22459
115.673    -0.225252
115.769    -0.219014
115.865    -0.213059
115.962    -0.20727
116.058    -0.194551
116.154    -0.16656
116.25    -0.120971
116.346    -0.0653172
116.442    -0.0145145
116.538    0.0168932
116.635    0.023273
116.731    0.0119469
116.827    -0.000132551
116.923    0.00434621
117.019    0.0329121
117.115    0.0781917
117.212    0.121088
117.308    0.1409
117.404    0.126996
117.5    0.0855589
117.596    0.0375032
117.692    0.00842853
117.788    0.0158997
117.885    0.0608084
117.981    0.127346
118.077    0.191408
118.173    0.232723
118.269    0.244143
118.365    0.233365
118.462    0.216686
118.558    0.208823
118.654    0.214766
118.75    0.228146
118.846    0.236606
118.942    0.23058
119.038    0.210038
119.135    0.185144
119.231    0.170541
119.327    0.176757
119.423    0.203893
119.519    0.241313
119.615    0.27346
119.712    0.288283
119.808    0.283338
119.904    0.266068
120    0.248343
120.096    0.238741
120.192    0.237337
120.288    0.236145
120.385    0.224865
120.481    0.198314
120.577    0.160843
120.673    0.124865
120.769    0.104184
120.865    0.106022
120.962    0.126556
121.058    0.152752
121.154    0.169575
121.25    0.168415
121.346    0.151746
121.442    0.131198
121.538    0.120101
121.635    0.124898
121.731    0.14059
121.827    0.153127
121.923    0.147584
122.019    0.117488
122.115    0.0698286
122.212    0.0225999
122.308    -0.00405421
122.404    0.00166661
122.5    0.036869
122.596    0.0853024
122.692    0.125668
122.788    0.142336
122.885    0.132647
122.981    0.106988
123.077    0.0819403
123.173    0.0706549
123.269    0.0759745
123.365    0.0900392
123.462    0.100226
123.558    0.0976045
123.654    0.0827471
123.75    0.0654779
123.846    0.0588264
123.942    0.0709529
124.038    0.09998
124.135    0.134887
124.231    0.161954
124.327    0.172884
124.423    0.16971
124.519    0.163464
124.615    0.167339
124.712    0.188377
124.808    0.222672
124.904    0.25708
