-25    0.312254
-24.9038    0.29391
-24.8077    0.281181
-24.7115    0.247039
-24.6154    0.182029
-24.5192    0.0988101
-24.4231    0.0228622
-24.3269    -0.0246166
-24.2308    -0.0409228
-24.1346    -0.0442432
-24.0385    -0.0625522
-23.9423    -0.115659
-23.8462    -0.20145
-23.75    -0.295112
-23.6538    -0.362437
-23.5577    -0.379754
-23.4615    -0.348716
-23.3654    -0.29682
-23.2692    -0.262719
-23.1731    -0.274392
-23.0769    -0.332736
-22.9808    -0.410303
-22.8846    -0.466374
-22.7885    -0.470022
-22.6923    -0.418053
-22.5962    -0.337387
-22.5    -0.270292
-22.4038    -0.250705
-22.3077    -0.285083
-22.2115    -0.34874
-22.1154    -0.399771
-22.0192    -0.40264
-21.9231    -0.347978
-21.8269    -0.257354
-21.7308    -0.170485
-21.6346    -0.122411
-21.5385    -0.123848
-21.4423    -0.155959
-21.3462    -0.182256
-21.25    -0.170461
-21.1538    -0.1114
-21.0577    -0.0239694
-20.9615    0.0565163
-20.8654    0.0995102
-20.7692    0.0973021
-20.6731    0.0692838
-20.5769    0.0499456
-20.4808    0.0677867
-20.3846    0.127688
-20.2885    0.207242
-20.1923    0.269289
-20.0962    0.283341
-20    0.243345
-19.9038    0.171417
-19.8077    0.105407
-19.7115    0.0776488
-19.6154    0.0973035
-19.5192    0.14645
-19.4231    0.191836
-19.3269    0.204945
-19.2308    0.178258
-19.1346    0.128065
-19.0385    0.0824887
-18.9423    0.0623773
-18.8462    0.0670779
-18.75    0.0741113
-18.6538    0.0532261
-18.5577    -0.0136525
-18.4615    -0.118972
-18.3654    -0.231379
-18.2692    -0.312518
-18.1731    -0.339267
-18.0769    -0.318214
-17.9808    -0.283268
-17.8846    -0.27706
-17.7885    -0.32646
-17.6923    -0.426307
-17.5962    -0.541073
-17.5    -0.623903
-17.4038    -0.642365
-17.3077    -0.596204
-17.2115    -0.51685
-17.1154    -0.44897
-17.0192    -0.42477
-16.9231    -0.445998
-16.8269    -0.484072
-16.7308    -0.498128
-16.6346    -0.460201
-16.5385    -0.372516
-16.4423    -0.266508
-16.3462    -0.184045
-16.25    -0.15199
-16.1538    -0.165357
-16.0577    -0.189397
-15.9615    -0.179732
-15.8654    -0.108812
-15.7692    0.0170835
-15.6731    0.160761
-15.5769    0.275681
-15.4808    0.333718
-15.3846    0.342562
-15.2885    0.341917
-15.1923    0.379998
-15.0962    0.483599
-15    0.639359
-14.9038    0.797859
-14.8077    0.899228
-14.7115    0.906309
-14.6154    0.826597
-14.5192    0.710022
-14.4231    0.623076
-14.3269    0.613238
-14.2308    0.68329
-14.1346    0.789783
-14.0385    0.866452
-13.9423    0.859448
-13.8462    0.754844
-13.75    0.583484
-13.6538    0.401271
-13.5577    0.256863
-13.4615    0.165565
-13.3654    0.104081
-13.2692    0.0283511
-13.1731    -0.096849
-13.0769    -0.274513
-12.9808    -0.472223
-12.8846    -0.640979
-12.7885    -0.744655
-12.6923    -0.78228
-12.5962    -0.789528
-12.5    -0.818048
-12.4038    -0.904424
-12.3077    -1.04687
-12.2115    -1.20342
-12.1154    -1.31315
-12.0192    -1.32841
-11.9231    -1.24002
-11.8269    -1.08119
-11.7308    -0.908336
-11.6346    -0.770081
-11.5385    -0.682222
-11.4423    -0.622401
-11.3462    -0.546541
-11.25    -0.416397
-11.1538    -0.221561
-11.0577    0.0166974
-10.9615    0.260971
-10.8654    0.48198
-10.7692    0.675845
-10.6731    0.86336
-10.5769    1.07187
-10.4808    1.31163
-10.3846    1.56231
-10.2885    1.77967
-10.1923    1.91942
-10.0962    1.96462
-10    1.93933
-9.90385    1.89875
-9.80769    1.89999
-9.71154    1.96943
-9.61538    2.0856
-9.51923    2.1885
-9.42308    2.21093
-9.32692    2.11466
-9.23077    1.91081
-9.13462    1.65281
-9.03846    1.40567
-8.94231    1.20954
-8.84615    1.05889
-8.75    0.909587
-8.65385    0.709754
-8.55769    0.436042
-8.46154    0.113116
-8.36538    -0.196171
-8.26923    -0.42525
-8.17308    -0.543215
-8.07692    -0.57564
-7.98077    -0.59341
-7.88462    -0.674526
-7.78846    -0.859856
-7.69231    -1.12811
-7.59615    -1.40492
-7.5    -1.60169
-7.40385    -1.66262
-7.30769    -1.59336
-7.21154    -1.45483
-7.11538    -1.32583
-7.01923    -1.25598
-6.92308    -1.23626
-6.82692    -1.20465
-6.73077    -1.08397
-6.63462    -0.830301
-6.53846    -0.463877
-6.44231    -0.0643075
-6.34615    0.267932
-6.25    0.462245
-6.15385    0.512461
-6.05769    0.476082
-5.96154    0.439399
-5.86538    0.469026
-5.76923    0.577668
-5.67308    0.722882
-5.57692    0.837738
-5.48077    0.873534
-5.38462    0.828161
-5.28846    0.743307
-5.19231    0.673475
-5.09615    0.647632
-5    0.649106
-4.90385    0.627814
-4.80769    0.537902
-4.71154    0.376358
-4.61538    0.195521
-4.51923    0.0772765
-4.42308    0.0809193
-4.32692    0.195506
-4.23077    0.328702
-4.13462    0.345219
-4.03846    0.138701
-3.94231    -0.301714
-3.84615    -0.870551
-3.75    -1.38887
-3.65385    -1.69342
-3.55769    -1.7258
-3.46154    -1.57053
-3.36538    -1.41524
-3.26923    -1.4477
-3.17308    -1.74183
-3.07692    -2.19555
-2.98077    -2.56078
-2.88462    -2.55835
-2.78846    -2.02456
-2.69231    -1.01439
-2.59615    0.195498
-2.5    1.21273
-2.40385    1.69694
-2.30769    1.50906
-2.21154    0.768717
-2.11538    -0.209007
-2.01923    -1.06615
-1.92308    -1.56795
-1.82692    -1.70048
-1.73077    -1.6534
-1.63462    -1.70035
-1.53846    -2.0408
-1.44231    -2.6859
-1.34615    -3.44597
-1.25    -4.02471
-1.15385    -4.16991
-1.05769    -3.80309
-0.961538    -3.06274
-0.865385    -2.24076
-0.769231    -1.64565
-0.673077    -1.46113
-0.576923    -1.66795
-0.480769    -2.06297
-0.384615    -2.36019
-0.288462    -2.32083
-0.192308    -1.84962
-0.0961538    -1.01694
1.45661e-13    -0.00607201
0.0961538    0.97915
0.192308    1.79614
0.288462    2.39715
0.384615    2.8067
0.480769    3.06588
0.576923    3.18127
0.673077    3.11021
0.769231    2.79046
0.865385    2.1967
0.961538    1.3908
1.05769    0.535693
1.15385    -0.139389
1.25    -0.41133
1.34615    -0.144409
1.44231    0.652133
1.53846    1.81329
1.63462    3.05926
1.73077    4.07483
1.82692    4.60151
1.92308    4.51366
2.01923    3.85494
2.11538    2.82346
2.21154    1.7084
2.30769    0.795833
2.40385    0.272431
2.5    0.159515
2.59615    0.303068
2.69231    0.428208
2.78846    0.243259
2.88462    -0.442449
2.98077    -1.63223
3.07692    -3.12383
3.17308    -4.5709
3.26923    -5.60363
3.36538    -5.96189
3.46154    -5.58728
3.55769    -4.63649
3.65385    -3.41106
3.75    -2.23378
3.84615    -1.3244
3.94231    -0.725606
4.03846    -0.307476
4.13462    0.155969
4.23077    0.873891
4.32692    1.93751
4.42308    3.27003
4.51923    4.6429
4.61538    5.74714
4.71154    6.2898
4.80769    6.08202
4.90385    5.09368
5    3.46422
5.09615    1.4724
5.19231    -0.524693
5.28846    -2.16935
5.38462    -3.18265
5.48077    -3.429
5.57692    -2.94871
5.67308    -1.94594
5.76923    -0.729617
5.86538    0.378472
5.96154    1.13999
6.05769    1.46614
6.15385    1.42827
6.25    1.20892
6.34615    1.01518
6.44231    0.992548
6.53846    1.17672
6.63462    1.50106
6.73077    1.84977
6.82692    2.12371
6.92308    2.2821
7.01923    2.3387
7.11538    2.31979
7.21154    2.21501
7.30769    1.95825
7.40385    1.45937
7.5    0.676723
7.59615    -0.307445
7.69231    -1.25602
7.78846    -1.82068
7.88462    -1.65526
7.98077    -0.557719
8.07692    1.41916
8.17308    3.93863
8.26923    6.44982
8.36538    8.33355
8.46154    9.07194
8.55769    8.38522
8.65385    6.29772
8.75    3.12539
8.84615    -0.596869
8.94231    -4.21994
9.03846    -7.09438
9.13462    -8.68222
9.23077    -8.66111
9.32692    -7.00987
9.42308    -4.05173
9.51923    -0.424749
9.61538    3.04033
9.71154    5.52407
9.80769    6.45374
9.90385    5.6915
10    3.59772
10.0962    0.930246
10.1923    -1.39867
10.2885    -2.62583
10.3846    -2.38972
10.4808    -0.837278
10.5769    1.45329
10.6731    3.69847
10.7692    5.19186
10.8654    5.53429
10.9615    4.73209
11.0577    3.14321
11.1538    1.31217
11.25    -0.22944
11.3462    -1.12093
11.4423    -1.24462
11.5385    -0.710197
11.6346    0.218316
11.7308    1.21325
11.8269    1.96256
11.9231    2.22764
12.0192    1.88276
12.1154    0.939873
12.2115    -0.445384
12.3077    -1.99739
12.4038    -3.3808
12.5    -4.28895
12.5962    -4.53367
12.6923    -4.10086
12.7885    -3.14544
12.8846    -1.92476
12.9808    -0.698508
13.0769    0.359209
13.1731    1.19596
13.2692    1.85195
13.3654    2.38656
13.4615    2.80428
13.5577    3.02275
13.6538    2.9016
13.75    2.31634
13.8462    1.23641
13.9423    -0.2355
14.0385    -1.884
14.1346    -3.44983
14.2308    -4.71032
14.3269    -5.53184
14.4231    -5.87444
14.5192    -5.75848
14.6154    -5.22472
14.7115    -4.31929
14.8077    -3.11307
14.9038    -1.73642
15    -0.393116
15.0962    0.675395
15.1923    1.2738
15.2885    1.34795
15.3846    1.03559
15.4808    0.630351
15.5769    0.458177
15.6731    0.715037
15.7692    1.34506
15.8654    2.02894
15.9615    2.3045
16.0577    1.77616
16.1538    0.320527
16.25    -1.8109
16.3462    -4.04883
16.4423    -5.70692
16.5385    -6.24236
16.6346    -5.46268
16.7308    -3.58938
16.8269    -1.15468
16.9231    1.21644
17.0192    3.03824
17.1154    4.10953
17.2115    4.51933
17.3077    4.52863
17.4038    4.39977
17.5    4.26184
17.5962    4.07262
17.6923    3.6832
17.7885    2.95906
17.8846    1.88745
17.9808    0.614717
18.0769    -0.602257
18.1731    -1.50112
18.2692    -1.92088
18.3654    -1.85982
18.4615    -1.46299
18.5577    -0.953359
18.6538    -0.54491
18.75    -0.377519
18.8462    -0.49519
18.9423    -0.863941
19.0385    -1.4076
19.1346    -2.03759
19.2308    -2.66437
19.3269    -3.19502
19.4231    -3.53119
19.5192    -3.58048
19.6154    -3.28278
19.7115    -2.64026
19.8077    -1.7335
19.9038    -0.710926
20    0.24867
20.0962    0.987333
20.1923    1.41271
20.2885    1.51931
20.3846    1.37973
20.4808    1.11177
20.5769    0.835827
20.6731    0.638003
20.7692    0.550198
20.8654    0.550777
20.9615    0.583171
21.0577    0.585336
21.1538    0.520793
21.25    0.401142
21.3462    0.29091
21.4423    0.28948
21.5385    0.492471
21.6346    0.944579
21.7308    1.60341
21.8269    2.33397
21.9231    2.94362
22.0192    3.24958
22.1154    3.15341
22.2115    2.68887
22.3077    2.01694
22.4038    1.36441
22.5    0.929216
22.5962    0.794117
22.6923    0.889698
22.7885    1.02591
22.8846    0.979308
22.9808    0.595805
23.0769    -0.139032
23.1731    -1.094
23.2692    -2.05043
23.3654    -2.79298
23.4615    -3.18749
23.5577    -3.21024
23.6538    -2.92171
23.75    -2.40787
23.8462    -1.72804
23.9423    -0.90019
24.0385    0.0709151
24.1346    1.14596
24.2308    2.22004
24.3269    3.13535
24.4231    3.73681
24.5192    3.94106
24.6154    3.77665
24.7115    3.36621
24.8077    2.85361
24.9038    2.31306
25    1.69249
25.0962    0.829931
25.1923    -0.455015
25.2885    -2.2343
25.3846    -4.37184
25.4808    -6.50613
25.5769    -8.13331
25.6731    -8.76235
25.7692    -8.08076
25.8654    -6.06509
25.9615    -2.99652
26.0577    0.616489
26.1538    4.17158
26.25    7.11128
26.3462    9.02745
26.4423    9.71614
26.5385    9.18937
26.6346    7.65762
26.7308    5.49035
26.8269    3.15168
26.9231    1.10743
27.0192    -0.286707
27.1154    -0.885679
27.2115    -0.801039
27.3077    -0.35943
27.4038    0.0257828
27.5    0.0253429
27.5962    -0.466443
27.6923    -1.29233
27.7885    -2.11868
27.8846    -2.61112
27.9808    -2.61304
28.0769    -2.23189
28.1731    -1.7814
28.2692    -1.60198
28.3654    -1.85064
28.4615    -2.37661
28.5577    -2.76188
28.6538    -2.52342
28.75    -1.38546
28.8462    0.515957
28.9423    2.61115
29.0385    4.08861
29.1346    4.22581
29.2308    2.71183
29.3269    -0.188575
29.4231    -3.70856
29.5192    -6.85963
29.6154    -8.79344
29.7115    -9.08678
29.8077    -7.83481
29.9038    -5.53359
30    -2.83088
30.0962    -0.275355
30.1923    1.82301
30.2885    3.38143
30.3846    4.42636
30.4808    4.96509
30.5769    4.93515
30.6731    4.26141
30.7692    2.978
30.8654    1.32735
30.9615    -0.242862
31.0577    -1.20771
31.1538    -1.16858
31.25    -0.0358123
31.3462    1.90275
31.4423    4.06764
31.5385    5.79548
31.6346    6.57962
31.7308    6.24349
31.8269    4.98152
31.9231    3.2638
32.0192    1.65533
32.1154    0.62461
32.2115    0.405139
32.3077    0.939889
32.4038    1.90642
32.5    2.80327
32.5962    3.07742
32.6923    2.2762
32.7885    0.201725
32.8846    -2.97012
32.9808    -6.65831
33.0769    -9.97847
33.1731    -11.9839
33.2692    -11.9888
33.3654    -9.85827
33.4615    -6.13239
33.5577    -1.89957
33.6538    1.56686
33.75    3.28046
33.8462    2.92607
33.9423    0.97844
34.0385    -1.51545
34.1346    -3.40831
34.2308    -3.9702
34.3269    -3.2093
34.4231    -1.83574
34.5192    -0.875018
34.6154    -1.10976
34.7115    -2.62197
34.8077    -4.67033
34.9038    -5.98228
35    -5.33817
35.0962    -2.17437
35.1923    3.09044
35.2885    9.18047
35.3846    14.5015
35.4808    17.8526
35.5769    18.9735
35.6731    18.6532
35.7692    18.3164
35.8654    19.2509
35.9615    21.8117
36.0577    24.977
36.1538    26.4974
36.25    23.6391
36.3462    14.273
36.4423    -2.09645
36.5385    -23.7682
36.6346    -46.9955
36.7308    -66.8488
36.8269    -78.5376
36.9231    -78.781
37.0192    -66.7957
37.1154    -44.5972
37.2115    -16.5248
37.3077    11.8607
37.4038    35.1781
37.5    49.5235
37.5962    53.3082
37.6923    47.4349
37.7885    34.8085
37.8846    19.3728
37.9808    4.98333
38.0769    -5.54653
38.1731    -10.9763
38.2692    -11.6473
38.3654    -9.04455
38.4615    -5.11401
38.5577    -1.58831
38.6538    0.472912
38.75    0.827711
38.8462    -0.0927286
38.9423    -1.50049
39.0385    -2.59279
39.1346    -2.80554
39.2308    -1.93195
39.3269    -0.122876
39.4231    2.18314
39.5192    4.35859
39.6154    5.70078
39.7115    5.56832
39.8077    3.54466
39.9038    -0.395669
40    -5.77604
40.0962    -11.6309
40.1923    -16.6843
40.2885    -19.6726
40.3846    -19.7199
40.4808    -16.6371
40.5769    -11.0244
40.6731    -4.12877
40.7692    2.50425
40.8654    7.46243
40.9615    9.83674
41.0577    9.41326
41.1538    6.64765
41.25    2.46422
41.3462    -2.02664
41.4423    -5.79379
41.5385    -8.06999
41.6346    -8.44147
41.7308    -6.86353
41.8269    -3.63081
41.9231    0.684047
42.0192    5.32745
42.1154    9.50333
42.2115    12.5393
42.3077    14.0385
42.4038    13.9585
42.5    12.5778
42.5962    10.3493
42.6923    7.70119
42.7885    4.87336
42.8846    1.8697
42.9808    -1.44806
43.0769    -5.17209
43.1731    -9.16613
43.2692    -12.9929
43.3654    -16.004
43.4615    -17.5622
43.5577    -17.2953
43.6538    -15.2582
43.75    -11.9225
43.8462    -7.99499
43.9423    -4.15106
44.0385    -0.811205
44.1346    1.93836
44.2308    4.25399
44.3269    6.3342
44.4231    8.22613
44.5192    9.74621
44.6154    10.5571
44.7115    10.357
44.8077    9.07625
44.9038    6.97108
45    4.5602
45.0962    2.43094
45.1923    1.00942
45.2885    0.405859
45.3846    0.404523
45.4808    0.593613
45.5769    0.561605
45.6731    0.0607803
45.7692    -0.934301
45.8654    -2.28296
45.9615    -3.79685
46.0577    -5.34089
46.1538    -6.85742
46.25    -8.3082
46.3462    -9.58388
46.4423    -10.454
46.5385    -10.6087
46.6346    -9.7879
46.7308    -7.93739
46.8269    -5.30391
46.9231    -2.40473
47.0192    0.134208
47.1154    1.80981
47.2115    2.44077
47.3077    2.24107
47.4038    1.72949
47.5    1.5107
47.5962    2.02156
47.6923    3.35054
47.7885    5.2041
47.8846    7.02801
47.9808    8.22604
48.0769    8.38179
48.1731    7.39616
48.2692    5.49563
48.3654    3.12312
48.4615    0.768261
48.5577    -1.19042
48.6538    -2.57503
48.75    -3.4091
48.8462    -3.84739
48.9423    -4.07622
49.0385    -4.2293
49.1346    -4.34845
49.2308    -4.39502
49.3269    -4.29637
49.4231    -4.0006
49.5192    -3.51373
49.6154    -2.90509
49.7115    -2.28159
49.8077    -1.74506
49.9038    -1.3533
50    -1.10301
50.0962    -0.941811
50.1923    -0.803201
50.2885    -0.645903
50.3846    -0.476427
50.4808    -0.340876
50.5769    -0.28804
50.6731    -0.322616
50.7692    -0.376288
50.8654    -0.319062
50.9615    -0.0143961
51.0577    0.602552
51.1538    1.46147
51.25    2.34582
51.3462    2.95159
51.4423    3.0009
51.5385    2.36645
51.6346    1.15199
51.7308    -0.311634
51.8269    -1.56038
51.9231    -2.14791
52.0192    -1.79536
52.1154    -0.483464
52.2115    1.54376
52.3077    3.85673
52.4038    5.9623
52.5    7.42274
52.5962    7.9378
52.6923    7.38115
52.7885    5.80366
52.8846    3.42231
52.9808    0.601702
53.0769    -2.18172
53.1731    -4.41084
53.2692    -5.64147
53.3654    -5.63794
53.4615    -4.48204
53.5577    -2.59725
53.6538    -0.651449
53.75    0.649998
53.8462    0.814911
53.9423    -0.239625
54.0385    -2.13425
54.1346    -4.15284
54.2308    -5.50702
54.3269    -5.6373
54.4231    -4.42806
54.5192    -2.2478
54.6154    0.200246
54.7115    2.15128
54.8077    3.06011
54.9038    2.77653
55    1.55363
55.0962    -0.097111
55.1923    -1.62637
55.2885    -2.64283
55.3846    -3.00824
55.4808    -2.81152
55.5769    -2.25881
55.6731    -1.54837
55.7692    -0.792807
55.8654    -0.0153108
55.9615    0.79713
56.0577    1.62843
56.1538    2.40047
56.25    2.99202
56.3462    3.29582
56.4423    3.2779
56.5385    3.00313
56.6346    2.61129
56.7308    2.2555
56.8269    2.03475
56.9231    1.95365
57.0192    1.92717
57.1154    1.82468
57.2115    1.52999
57.3077    0.989329
57.4038    0.228835
57.5    -0.660653
57.5962    -1.55963
57.6923    -2.35928
57.7885    -2.98996
57.8846    -3.43273
57.9808    -3.7148
58.0769    -3.89341
58.1731    -4.03254
58.2692    -4.1772
58.3654    -4.33099
58.4615    -4.44521
58.5577    -4.4275
58.6538    -4.17231
58.75    -3.60589
58.8462    -2.72813
58.9423    -1.6304
59.0385    -0.475934
59.1346    0.553955
59.2308    1.32648
59.3269    1.80593
59.4231    2.05926
59.5192    2.21378
59.6154    2.38671
59.7115    2.62217
59.8077    2.86874
59.9038    3.01023
60    2.93336
60.0962    2.59551
60.1923    2.05433
60.2885    1.44153
60.3846    0.894389
60.4808    0.483485
60.5769    0.178757
60.6731    -0.124266
60.7692    -0.530717
60.8654    -1.06666
60.9615    -1.6416
61.0577    -2.08023
61.1538    -2.21217
61.25    -1.97297
61.3462    -1.45892
61.4423    -0.898053
61.5385    -0.543731
61.6346    -0.540249
61.7308    -0.83034
61.8269    -1.15833
61.9231    -1.17715
62.0192    -0.614505
62.1154    0.579164
62.2115    2.17358
62.3077    3.72367
62.4038    4.73077
62.5    4.82895
62.5962    3.91508
62.6923    2.17019
62.7885    -0.0274932
62.8846    -2.24797
62.9808    -4.14151
63.0769    -5.50083
63.1731    -6.23986
63.2692    -6.32152
63.3654    -5.69241
63.4615    -4.2737
63.5577    -2.02103
63.6538    0.977573
63.75    4.42453
63.8462    7.8112
63.9423    10.513
64.0385    11.9561
64.1346    11.7932
64.2308    10.0198
64.3269    6.98327
64.4231    3.28213
64.5192    -0.405274
64.6154    -3.49878
64.7115    -5.64193
64.8077    -6.74199
64.9038    -6.92714
65    -6.45215
65.0962    -5.5948
65.1923    -4.5784
65.2885    -3.53743
65.3846    -2.52381
65.4808    -1.53883
65.5769    -0.572199
65.6731    0.366218
65.7692    1.23016
65.8654    1.93842
65.9615    2.39236
66.0577    2.50462
66.1538    2.23155
66.25    1.59904
66.3462    0.711308
66.4423    -0.264021
66.5385    -1.13374
66.6346    -1.72965
66.7308    -1.95521
66.8269    -1.81127
66.9231    -1.39043
67.0192    -0.841425
67.1154    -0.316389
67.2115    0.0798412
67.3077    0.319961
67.4038    0.453935
67.5    0.57962
67.5962    0.796042
67.6923    1.1568
67.7885    1.64044
67.8846    2.14879
67.9808    2.53478
68.0769    2.65183
68.1731    2.40872
68.2692    1.81093
68.3654    0.971551
68.4615    0.0840866
68.5577    -0.637341
68.6538    -1.03123
68.75    -1.0479
68.8462    -0.769427
68.9423    -0.378301
69.0385    -0.0843707
69.1346    -0.0388947
69.2308    -0.273591
69.3269    -0.694149
69.4231    -1.13409
69.5192    -1.44574
69.6154    -1.58447
69.7115    -1.64145
69.8077    -1.80227
69.9038    -2.24424
70    -3.0182
70.0962    -3.97435
70.1923    -4.77622
70.2885    -5.00937
70.3846    -4.34648
70.4808    -2.70092
70.5769    -0.300484
70.6731    2.35572
70.7692    4.64564
70.8654    6.022
70.9615    6.18353
71.0577    5.15682
71.1538    3.26514
71.25    1.00647
71.3462    -1.10458
71.4423    -2.67027
71.5385    -3.47918
71.6346    -3.50495
71.7308    -2.85789
71.8269    -1.72401
71.9231    -0.318539
72.0192    1.13919
72.1154    2.44001
72.2115    3.40405
72.3077    3.9116
72.4038    3.93644
72.5    3.5613
72.5962    2.9574
72.6923    2.32561
72.7885    1.81833
72.8846    1.4753
72.9808    1.2052
73.0769    0.826179
73.1731    0.151921
73.2692    -0.912378
73.3654    -2.30594
73.4615    -3.80924
73.5577    -5.10515
73.6538    -5.88096
73.75    -5.93251
73.8462    -5.2328
73.9423    -3.9433
74.0385    -2.36834
74.1346    -0.871596
74.2308    0.217617
74.3269    0.68271
74.4231    0.465639
74.5192    -0.32637
74.6154    -1.45141
74.7115    -2.59291
74.8077    -3.43632
74.9038    -3.74551
75    -3.41944
75.0962    -2.51228
75.1923    -1.20899
75.2885    0.236934
75.3846    1.58241
75.4808    2.66127
75.5769    3.41371
75.6731    3.86989
75.7692    4.09999
75.8654    4.15869
75.9615    4.05417
76.0577    3.75813
76.1538    3.25001
76.25    2.56828
76.3462    1.83477
76.4423    1.2298
76.5385    0.921523
76.6346    0.978985
76.7308    1.31208
76.8269    1.6737
76.9231    1.73338
77.0192    1.19852
77.1154    -0.0639488
77.2115    -1.95597
77.3077    -4.1573
77.4038    -6.21268
77.5    -7.6638
77.5962    -8.17717
77.6923    -7.62522
77.7885    -6.10101
77.8846    -3.87409
77.9808    -1.31454
78.0769    1.18474
78.1731    3.26819
78.2692    4.65719
78.3654    5.17777
78.4615    4.78498
78.5577    3.58322
78.6538    1.82985
78.75    -0.094757
78.8462    -1.75955
78.9423    -2.78754
79.0385    -2.96319
79.1346    -2.30236
79.2308    -1.05243
79.3269    0.3862
79.4231    1.59439
79.5192    2.2767
79.6154    2.35773
79.7115    1.99399
79.8077    1.49591
79.9038    1.19085
80    1.28223
80.0962    1.76203
80.1923    2.41219
80.2885    2.89428
80.3846    2.89123
80.4808    2.24402
80.5769    1.0288
80.6731    -0.455742
80.7692    -1.78528
80.8654    -2.55373
80.9615    -2.51046
81.0577    -1.64295
81.1538    -0.17993
81.25    1.4794
81.3462    2.88014
81.4423    3.63026
81.5385    3.48947
81.6346    2.41156
81.7308    0.541833
81.8269    -1.81765
81.9231    -4.26128
82.0192    -6.34373
82.1154    -7.65219
82.2115    -7.88419
82.3077    -6.92092
82.4038    -4.87568
82.5    -2.09379
82.5962    0.911054
82.6923    3.57778
82.7885    5.44443
82.8846    6.27177
82.9808    6.0975
83.0769    5.19866
83.1731    3.9758
83.2692    2.80574
83.3654    1.92223
83.4615    1.37005
83.5577    1.04267
83.6538    0.774872
83.75    0.438352
83.8462    -0.00716932
83.9423    -0.525395
84.0385    -1.05797
84.1346    -1.57789
84.2308    -2.10043
84.3269    -2.64015
84.4231    -3.14139
84.5192    -3.4353
84.6154    -3.26964
84.7115    -2.41945
84.8077    -0.835492
84.9038    1.24774
85    3.31799
85.0962    4.73162
85.1923    4.95634
85.2885    3.80875
85.3846    1.57271
85.4808    -1.07107
85.5769    -3.28986
85.6731    -4.41941
85.7692    -4.22007
85.8654    -2.95227
85.9615    -1.23673
86.0577    0.23498
86.1538    1.00352
86.25    1.01755
86.3462    0.605069
86.4423    0.263871
86.5385    0.382346
86.6346    1.03281
86.7308    1.93862
86.8269    2.62571
86.9231    2.67558
87.0192    1.9478
87.1154    0.659654
87.2115    -0.713207
87.3077    -1.65945
87.4038    -1.86245
87.5    -1.32488
87.5962    -0.333746
87.6923    0.703144
87.7885    1.45544
87.8846    1.79925
87.9808    1.81876
88.0769    1.69633
88.1731    1.56696
88.2692    1.42706
88.3654    1.14983
88.4615    0.593174
88.5577    -0.269631
88.6538    -1.28033
88.75    -2.13521
88.8462    -2.51808
88.9423    -2.25563
89.0385    -1.40923
89.1346    -0.250965
89.2308    0.8642
89.3269    1.66143
89.4231    2.05676
89.5192    2.15897
89.6154    2.16789
89.7115    2.23285
89.8077    2.35558
89.9038    2.39442
90    2.16576
90.0962    1.58022
90.1923    0.729091
90.2885    -0.136257
90.3846    -0.726956
90.4808    -0.874968
90.5769    -0.635858
90.6731    -0.271778
90.7692    -0.11582
90.8654    -0.386657
90.9615    -1.05416
91.0577    -1.83336
91.1538    -2.31677
91.25    -2.17992
91.3462    -1.35295
91.4423    -0.0665017
91.5385    1.25467
91.6346    2.19611
91.7308    2.54934
91.8269    2.39622
91.9231    2.03894
92.0192    1.81527
92.1154    1.90067
92.2115    2.20576
92.3077    2.42661
92.4038    2.22221
92.5    1.42402
92.5962    0.162672
92.6923    -1.16091
92.7885    -2.05215
92.8846    -2.16093
92.9808    -1.46108
93.0769    -0.278219
93.1731    0.85188
93.2692    1.42842
93.3654    1.21735
93.4615    0.359774
93.5577    -0.693152
93.6538    -1.38668
93.75    -1.31408
93.8462    -0.400324
93.9423    1.05976
94.0385    2.51881
94.1346    3.3931
94.2308    3.28482
94.3269    2.12479
94.4231    0.189953
94.5192    -1.99699
94.6154    -3.83833
94.7115    -4.83944
94.8077    -4.74054
94.9038    -3.57231
95    -1.63102
95.0962    0.612095
95.1923    2.6411
95.2885    4.03274
95.3846    4.56638
95.4808    4.27476
95.5769    3.41641
95.6731    2.37368
95.7692    1.50785
95.8654    1.0243
95.9615    0.902755
96.0577    0.925153
96.1538    0.792774
96.25    0.282664
96.3462    -0.628452
96.4423    -1.73334
96.5385    -2.67548
96.6346    -3.10785
96.7308    -2.85569
96.8269    -2.00504
96.9231    -0.872701
97.0192    0.129882
97.1154    0.675495
97.2115    0.658408
97.3077    0.226788
97.4038    -0.301524
97.5    -0.595276
97.5962    -0.460782
97.6923    0.0832824
97.7885    0.836891
97.8846    1.53132
97.9808    1.96065
98.0769    2.06493
98.1731    1.92774
98.2692    1.69852
98.3654    1.48845
98.4615    1.29979
98.5577    1.02646
98.6538    0.523363
98.75    -0.295424
98.8462    -1.38364
98.9423    -2.55387
99.0385    -3.53713
99.1346    -4.08045
99.2308    -4.03561
99.3269    -3.40042
99.4231    -2.30144
99.5192    -0.936493
99.6154    0.48865
99.7115    1.7997
99.8077    2.86024
99.9038    3.55846
100    3.79835
100.096    3.51324
100.192    2.70032
100.288    1.45559
100.385    -0.0177954
100.481    -1.44461
100.577    -2.55038
100.673    -3.14448
100.769    -3.17773
100.865    -2.74819
100.962    -2.05305
101.058    -1.30894
101.154    -0.676798
101.25    -0.222646
101.346    0.0737718
101.442    0.274631
101.538    0.431499
101.635    0.552587
101.731    0.603711
101.827    0.537384
101.923    0.330066
102.019    0.00547108
102.115    -0.368236
102.212    -0.704167
102.308    -0.930236
102.404    -1.013
102.5    -0.961646
102.596    -0.813845
102.692    -0.614385
102.788    -0.399211
102.885    -0.191699
102.981    -0.00911848
103.077    0.129055
103.173    0.199344
103.269    0.181733
103.365    0.0718962
103.462    -0.110331
103.558    -0.323067
103.654    -0.515626
103.75    -0.646618
103.846    -0.697594
103.942    -0.675455
104.038    -0.603398
104.135    -0.506563
104.231    -0.40104
104.327    -0.291997
104.423    -0.18044
104.519    -0.0725097
104.615    0.0162128
104.712    0.0653562
104.808    0.0610337
104.904    0.00650059
105    -0.0753929
105.096    -0.150901
105.192    -0.191308
105.288    -0.187288
105.385    -0.153157
105.481    -0.118015
105.577    -0.10833
105.673    -0.131825
105.769    -0.172127
105.865    -0.197725
105.962    -0.180559
106.058    -0.113802
106.154    -0.0185104
106.25    0.0651817
106.346    0.0980352
106.442    0.0622247
106.538    -0.0286714
106.635    -0.135627
106.731    -0.212859
106.827    -0.229296
106.923    -0.181671
107.019    -0.0930097
107.115    0.00163621
107.212    0.0736376
107.308    0.11322
107.404    0.129767
107.5    0.141142
107.596    0.159366
107.692    0.181563
107.788    0.191482
107.885    0.170295
107.981    0.109856
108.077    0.020227
108.173    -0.0731648
108.269    -0.141246
108.365    -0.16524
108.462    -0.145042
108.558    -0.0975771
108.654    -0.0465577
108.75    -0.00978553
108.846    0.00874551
108.942    0.0178883
109.038    0.0308262
109.135    0.0546682
109.231    0.0846649
109.327    0.106504
109.423    0.105145
109.519    0.0747109
109.615    0.0233633
109.712    -0.0298664
109.808    -0.0645676
109.904    -0.0693667
110    -0.047424
110.096    -0.0140978
110.192    0.0116321
110.288    0.0169754
110.385    0.000958787
110.481    -0.0268461
110.577    -0.0531221
110.673    -0.0687239
110.769    -0.0730329
110.865    -0.0725519
110.962    -0.0751618
111.058    -0.0839885
111.154    -0.0948185
111.25    -0.0985879
111.346    -0.0872472
111.442    -0.0592635
111.538    -0.0213658
111.635    0.0144531
111.731    0.0367559
111.827    0.0397883
111.923    0.02505
112.019    -0.00117121
112.115    -0.0322352
112.212    -0.064419
112.308    -0.0969326
112.404    -0.129028
112.5    -0.156726
112.596    -0.172108
112.692    -0.166484
112.788    -0.135956
112.885    -0.0859157
112.981    -0.0310883
113.077    0.00985853
113.173    0.0228397
113.269    0.00546154
113.365    -0.0314834
113.462    -0.069432
113.558    -0.0917701
113.654    -0.0926158
113.75    -0.0796908
113.846    -0.069457
113.942    -0.0770337
114.038    -0.106475
114.135    -0.146976
114.231    -0.177402
114.327    -0.17696
114.423    -0.136337
114.519    -0.0633182
114.615    0.0202023
114.712    0.088242
114.808    0.122509
114.904    0.119868
115    0.0919406
115.096    0.0576129
115.192    0.0329353
115.288    0.0239408
115.385    0.0258765
115.481    0.0285147
115.577    0.0238498
115.673    0.0114631
115.769    -0.00141247
115.865    -0.0047583
115.962    0.0076934
116.058    0.0342964
116.154    0.0660888
116.25    0.0915738
116.346    0.10267
116.442    0.0983396
116.538    0.084039
116.635    0.0677908
116.731    0.0556074
116.827    0.0491169
116.923    0.0465315
117.019    0.0457789
117.115    0.0472236
117.212    0.053833
117.308    0.068581
117.404    0.0909972
117.5    0.115607
117.596    0.13391
117.692    0.139156
117.788    0.131032
117.885    0.11699
117.981    0.108691
118.077    0.115096
118.173    0.1361
118.269    0.160824
118.365    0.172296
118.462    0.156552
118.558    0.111318
118.654    0.049158
118.75    -0.00725198
118.846    -0.0357656
118.942    -0.0258654
119.038    0.0157969
119.135    0.0686212
119.231    0.108515
119.327    0.120047
119.423    0.103755
119.519    0.074716
119.615    0.0532983
119.712    0.0533786
119.808    0.0746251
119.904    0.103096
120    0.119634
120.096    0.11113
120.192    0.0781747
120.288    0.0347865
120.385    0.000534933
120.481    -0.0102886
120.577    0.00381858
120.673    0.0315771
120.769    0.056185
120.865    0.0653396
120.962    0.058026
121.058    0.0441452
121.154    0.0374321
121.25    0.0461763
121.346    0.0675559
121.442    0.0891698
121.538    0.0969164
121.635    0.0844072
121.731    0.0580173
121.827    0.0341799
121.923    0.0301773
122.019    0.0537158
122.115    0.097539
122.212    0.142575
122.308    0.168173
122.404    0.163728
122.5    0.134984
122.596    0.101205
122.692    0.0845844
122.788    0.0978089
122.885    0.136852
122.981    0.183202
123.077    0.214347
123.173    0.216613
123.269    0.193028
123.365    0.161682
123.462    0.145484
123.558    0.15911
123.654    0.200563
123.75    0.252173
123.846    0.290425
123.942    0.299056
124.038    0.277996
124.135    0.243175
124.231    0.217429
124.327    0.217786
124.423    0.246339
124.519    0.289747
124.615    0.327353
124.712    0.343046
124.808    0.333988
124.904    0.311346
