-25    0.175859
-24.9038    0.101497
-24.8077    0.0437127
-24.7115    0.0237516
-24.6154    0.0424371
-24.5192    0.0799222
-24.4231    0.107403
-24.3269    0.104011
-24.2308    0.0690706
-24.1346    0.0225814
-24.0385    -0.00635989
-23.9423    0.0035526
-23.8462    0.0534774
-23.75    0.123804
-23.6538    0.185615
-23.5577    0.217517
-23.4615    0.217996
-23.3654    0.206056
-23.2692    0.209766
-23.1731    0.249396
-23.0769    0.324997
-22.9808    0.415692
-22.8846    0.491102
-22.7885    0.528284
-22.6923    0.524348
-22.5962    0.497512
-22.5    0.4761
-22.4038    0.482001
-22.3077    0.518281
-22.2115    0.568041
-22.1154    0.604962
-22.0192    0.609052
-21.9231    0.578114
-21.8269    0.528119
-21.7308    0.482353
-21.6346    0.456001
-21.5385    0.445659
-21.4423    0.430362
-21.3462    0.383841
-21.25    0.290927
-21.1538    0.158276
-21.0577    0.0127488
-20.9615    -0.11211
-20.8654    -0.193983
-20.7692    -0.23383
-20.6731    -0.255023
-20.5769    -0.289875
-20.4808    -0.361137
-20.3846    -0.469034
-20.2885    -0.591211
-20.1923    -0.695582
-20.0962    -0.758612
-20    -0.778423
-19.9038    -0.775161
-19.8077    -0.778427
-19.7115    -0.809133
-19.6154    -0.866359
-19.5192    -0.926935
-19.4231    -0.958075
-19.3269    -0.935866
-19.2308    -0.859008
-19.1346    -0.749936
-19.0385    -0.642717
-18.9423    -0.564643
-18.8462    -0.521952
-18.75    -0.497615
-18.6538    -0.462077
-18.5577    -0.390529
-18.4615    -0.27669
-18.3654    -0.13549
-18.2692    0.00636012
-18.1731    0.125853
-18.0769    0.215885
-17.9808    0.287166
-17.8846    0.359206
-17.7885    0.446364
-17.6923    0.547765
-17.5962    0.647347
-17.5    0.723911
-17.4038    0.764813
-17.3077    0.774577
-17.2115    0.772747
-17.1154    0.781888
-17.0192    0.812802
-16.9231    0.856037
-16.8269    0.885221
-16.7308    0.870825
-16.6346    0.796652
-16.5385    0.669472
-16.4423    0.516099
-16.3462    0.369423
-16.25    0.251406
-16.1538    0.162853
-16.0577    0.0857414
-15.9615    -0.00351726
-15.8654    -0.118042
-15.7692    -0.251479
-15.6731    -0.381578
-15.5769    -0.484234
-15.4808    -0.549356
-15.3846    -0.588555
-15.2885    -0.629296
-15.1923    -0.698334
-15.0962    -0.803951
-15    -0.927787
-14.9038    -1.0319
-14.8077    -1.07792
-14.7115    -1.04788
-14.6154    -0.954939
-14.5192    -0.837339
-14.4231    -0.73863
-14.3269    -0.684721
-14.2308    -0.670523
-14.1346    -0.663593
-14.0385    -0.622714
-13.9423    -0.520948
-13.8462    -0.360254
-13.75    -0.169667
-13.6538    0.0115213
-13.5577    0.155628
-13.4615    0.260796
-13.3654    0.349512
-13.2692    0.452647
-13.1731    0.588704
-13.0769    0.750728
-12.9808    0.908725
-12.8846    1.02624
-12.7885    1.08126
-12.6923    1.07901
-12.5962    1.04882
-12.5    1.02662
-12.4038    1.03321
-12.3077    1.06118
-12.2115    1.07825
-12.1154    1.04566
-12.0192    0.940997
-11.9231    0.77241
-11.8269    0.575641
-11.7308    0.395379
-11.6346    0.261329
-11.5385    0.172608
-11.4423    0.0993451
-11.3462    0.000574616
-11.25    -0.151789
-11.1538    -0.356526
-11.0577    -0.583455
-10.9615    -0.79008
-10.8654    -0.944771
-10.7692    -1.04309
-10.6731    -1.10804
-10.5769    -1.17443
-10.4808    -1.26668
-10.3846    -1.38317
-10.2885    -1.49609
-10.1923    -1.56656
-10.0962    -1.56616
-10    -1.49213
-9.90385    -1.36775
-9.80769    -1.22807
-9.71154    -1.09991
-9.61538    -0.988108
-9.51923    -0.875876
-9.42308    -0.738487
-9.32692    -0.561442
-9.23077    -0.351572
-9.13462    -0.134141
-9.03846    0.0622441
-8.94231    0.223382
-8.84615    0.358504
-8.75    0.494442
-8.65385    0.658034
-8.55769    0.857449
-8.46154    1.07426
-8.36538    1.27195
-8.26923    1.41641
-8.17308    1.49645
-8.07692    1.53138
-7.98077    1.56015
-7.88462    1.61759
-7.78846    1.71139
-7.69231    1.81416
-7.59615    1.87641
-7.5    1.85422
-7.40385    1.736
-7.30769    1.5523
-7.21154    1.36188
-7.11538    1.22059
-7.01923    1.15037
-6.92308    1.12633
-6.82692    1.09036
-6.73077    0.984471
-6.63462    0.785527
-6.53846    0.521099
-6.44231    0.256363
-6.34615    0.0583195
-6.25    -0.0429206
-6.15385    -0.073353
-6.05769    -0.102539
-5.96154    -0.20474
-5.86538    -0.414586
-5.76923    -0.702323
-5.67308    -0.983863
-5.57692    -1.16196
-5.48077    -1.1773
-5.38462    -1.04184
-5.28846    -0.835676
-5.19231    -0.667981
-5.09615    -0.622285
-5    -0.715085
-4.90385    -0.889907
-4.80769    -1.04974
-4.71154    -1.1099
-4.61538    -1.04224
-4.51923    -0.886743
-4.42308    -0.72458
-4.32692    -0.628466
-4.23077    -0.618861
-4.13462    -0.651293
-4.03846    -0.642595
-3.94231    -0.521622
-3.84615    -0.275676
-3.75    0.0346019
-3.65385    0.302129
-3.55769    0.429174
-3.46154    0.382572
-3.36538    0.218062
-3.26923    0.0592202
-3.17308    0.0403404
-3.07692    0.241868
-2.98077    0.651184
-2.88462    1.16848
-2.78846    1.65415
-2.69231    1.99293
-2.59615    2.14234
-2.5    2.14206
-2.40385    2.08194
-2.30769    2.04757
-2.21154    2.07282
-2.11538    2.12321
-2.01923    2.1166
-1.92308    1.96772
-1.82692    1.63213
-1.73077    1.12755
-1.63462    0.524675
-1.53846    -0.0836605
-1.44231    -0.615827
-1.34615    -1.01975
-1.25    -1.27034
-1.15385    -1.35389
-1.05769    -1.25503
-0.961538    -0.958839
-0.865385    -0.469195
-0.769231    0.168032
-0.673077    0.854178
-0.576923    1.45127
-0.480769    1.81841
-0.384615    1.85594
-0.288462    1.53649
-0.192308    0.907962
-0.0961538    0.0684583
1.45661e-13    -0.87191
0.0961538    -1.82059
0.192308    -2.70834
0.288462    -3.47181
0.384615    -4.02987
0.480769    -4.27719
0.576923    -4.11015
0.673077    -3.4803
0.769231    -2.44986
0.865385    -1.21444
0.961538    -0.0678709
1.05769    0.689916
1.15385    0.870594
1.25    0.489547
1.34615    -0.215266
1.44231    -0.857991
1.53846    -1.05266
1.63462    -0.577901
1.73077    0.511065
1.82692    1.87563
1.92308    3.0034
2.01923    3.39647
2.11538    2.76596
2.21154    1.15522
2.30769    -1.05834
2.40385    -3.2848
2.5    -4.91974
2.59615    -5.54286
2.69231    -5.04412
2.78846    -3.63586
2.88462    -1.75561
2.98077    0.0943958
3.07692    1.50614
3.17308    2.26672
3.26923    2.37515
3.36538    1.98597
3.46154    1.31756
3.55769    0.569784
3.65385    -0.118323
3.75    -0.665956
3.84615    -1.0217
3.94231    -1.13757
4.03846    -0.968182
4.13462    -0.498258
4.23077    0.218661
4.32692    1.03796
4.42308    1.74063
4.51923    2.09269
4.61538    1.92882
4.71154    1.22585
4.80769    0.132484
4.90385    -1.06249
5    -2.01584
5.09615    -2.4386
5.19231    -2.18746
5.28846    -1.30515
5.38462    0.00234725
5.48077    1.43908
5.57692    2.71206
5.67308    3.60891
5.76923    4.03634
5.86538    4.01459
5.96154    3.64097
6.05769    3.0446
6.15385    2.35135
6.25    1.66674
6.34615    1.07228
6.44231    0.624482
6.53846    0.348174
6.63462    0.224908
6.73077    0.186139
6.82692    0.123623
6.92308    -0.0769212
7.01923    -0.485651
7.11538    -1.08127
7.21154    -1.73063
7.30769    -2.21252
7.40385    -2.28567
7.5    -1.78138
7.59615    -0.68663
7.69231    0.816788
7.78846    2.37856
7.88462    3.56933
7.98077    4.00757
8.07692    3.48265
8.17308    2.03296
8.26923    -0.048412
8.36538    -2.28362
8.46154    -4.13531
8.55769    -5.14971
8.65385    -5.07598
8.75    -3.92921
8.84615    -1.98189
8.94231    0.310325
9.03846    2.42559
9.13462    3.90309
9.23077    4.44815
9.32692    3.99173
9.42308    2.69368
9.51923    0.894141
9.61538    -0.971644
9.71154    -2.47372
9.80769    -3.28087
9.90385    -3.22888
10    -2.3515
10.0962    -0.868779
10.1923    0.865427
10.2885    2.44782
10.3846    3.52543
10.4808    3.88806
10.5769    3.52814
10.6731    2.64675
10.7692    1.59753
10.8654    0.779268
10.9615    0.507997
11.0577    0.911416
11.1538    1.88556
11.25    3.13373
11.3462    4.27652
11.4423    4.99185
11.5385    5.12852
11.6346    4.74541
11.7308    4.05919
11.8269    3.32426
11.9231    2.70066
12.0192    2.17364
12.1154    1.56596
12.2115    0.640296
12.3077    -0.755369
12.4038    -2.57057
12.5    -4.52432
12.5962    -6.18677
12.6923    -7.13814
12.7885    -7.13393
12.8846    -6.19975
12.9808    -4.61125
13.0769    -2.76933
13.1731    -1.03127
13.2692    0.420296
13.3654    1.60805
13.4615    2.67866
13.5577    3.75475
13.6538    4.80035
13.75    5.57432
13.8462    5.70306
13.9423    4.84447
14.0385    2.86818
14.1346    -0.0326988
14.2308    -3.35296
14.3269    -6.40877
14.4231    -8.53868
14.5192    -9.29213
14.6154    -8.53733
14.7115    -6.46168
14.8077    -3.48523
14.9038    -0.137634
15    3.0506
15.0962    5.61685
15.1923    7.20112
15.2885    7.57174
15.3846    6.662
15.4808    4.61432
15.5769    1.80292
15.6731    -1.20163
15.7692    -3.74496
15.8654    -5.25961
15.9615    -5.43834
16.0577    -4.33956
16.1538    -2.3735
16.25    -0.164997
16.3462    1.65854
16.4423    2.67122
16.5385    2.76556
16.6346    2.14167
16.7308    1.1845
16.8269    0.291126
16.9231    -0.274753
17.0192    -0.445366
17.1154    -0.31765
17.2115    -0.0619278
17.3077    0.173498
17.4038    0.31458
17.5    0.355166
17.5962    0.312022
17.6923    0.180535
17.7885    -0.0756713
17.8846    -0.493856
17.9808    -1.06176
18.0769    -1.68421
18.1731    -2.19507
18.2692    -2.41655
18.3654    -2.23893
18.4615    -1.67912
18.5577    -0.884332
18.6538    -0.0748835
18.75    0.548755
18.8462    0.890436
18.9423    0.993777
19.0385    1.01225
19.1346    1.12941
19.2308    1.46792
19.3269    2.02921
19.4231    2.68872
19.5192    3.24426
19.6154    3.49154
19.7115    3.29234
19.8077    2.60964
19.9038    1.50302
20    0.0966014
20.0962    -1.45937
20.1923    -3.01566
20.2885    -4.43377
20.3846    -5.58386
20.4808    -6.34251
20.5769    -6.59918
20.6731    -6.27336
20.7692    -5.33769
20.8654    -3.8392
20.9615    -1.91218
21.0577    0.221632
21.1538    2.2687
21.25    3.89871
21.3462    4.80138
21.4423    4.76145
21.5385    3.73712
21.6346    1.91515
21.7308    -0.288475
21.8269    -2.30371
21.9231    -3.55281
22.0192    -3.63097
22.1154    -2.45863
22.2115    -0.3407
22.3077    2.10569
22.4038    4.14422
22.5    5.17077
22.5962    4.92953
22.6923    3.60653
22.7885    1.75797
22.8846    0.0967588
22.9808    -0.779883
23.0769    -0.61287
23.1731    0.435274
23.2692    1.86674
23.3654    3.06418
23.4615    3.5422
23.5577    3.12907
23.6538    2.00707
23.75    0.603287
23.8462    -0.612497
23.9423    -1.32911
24.0385    -1.50694
24.1346    -1.35896
24.2308    -1.21813
24.3269    -1.35935
24.4231    -1.86156
24.5192    -2.57282
24.6154    -3.19081
24.7115    -3.41661
24.8077    -3.10594
24.9038    -2.34465
25    -1.41137
25.0962    -0.644437
25.1923    -0.276152
25.2885    -0.314519
25.3846    -0.532338
25.4808    -0.574258
25.5769    -0.136328
25.6731    0.864444
25.7692    2.21294
25.8654    3.45474
25.9615    4.07304
26.0577    3.70935
26.1538    2.32928
26.25    0.254909
26.3462    -1.95587
26.4423    -3.73274
26.5385    -4.71853
26.6346    -4.89296
26.7308    -4.53626
26.8269    -4.05046
26.9231    -3.72657
27.0192    -3.57518
27.1154    -3.31062
27.2115    -2.50428
27.3077    -0.836999
27.4038    1.67481
27.5    4.59938
27.5962    7.21055
27.6923    8.76676
27.7885    8.82507
27.8846    7.44315
27.9808    5.16989
28.0769    2.82291
28.1731    1.15223
28.2692    0.543824
28.3654    0.897529
28.4615    1.729
28.5577    2.43727
28.6538    2.6014
28.75    2.16098
28.8462    1.39824
28.9423    0.743258
29.0385    0.512661
29.1346    0.722862
29.2308    1.07533
29.3269    1.1182
29.4231    0.494917
29.5192    -0.854052
29.6154    -2.64371
29.7115    -4.37546
29.8077    -5.57604
29.9038    -6.0186
30    -5.81185
30.0962    -5.31563
30.1923    -4.93401
30.2885    -4.90007
30.3846    -5.16725
30.4808    -5.46072
30.5769    -5.45384
30.6731    -4.96726
30.7692    -4.0785
30.8654    -3.08167
30.9615    -2.32131
31.0577    -1.99408
31.1538    -2.02943
31.25    -2.11632
31.3462    -1.86324
31.4423    -1.00615
31.5385    0.445285
31.6346    2.19802
31.7308    3.80304
31.8269    4.84894
31.9231    5.12054
32.0192    4.6482
32.1154    3.63898
32.2115    2.34698
32.3077    0.968323
32.4038    -0.378528
32.5    -1.58799
32.5962    -2.47932
32.6923    -2.7678
32.7885    -2.14496
32.8846    -0.447559
32.9808    2.17103
33.0769    5.17513
33.1731    7.75492
33.2692    9.09057
33.3654    8.66877
33.4615    6.50771
33.5577    3.17856
33.6538    -0.39766
33.75    -3.29323
33.8462    -4.90547
33.9423    -5.13209
34.0385    -4.32258
34.1346    -3.04627
34.2308    -1.80279
34.3269    -0.819835
34.4231    -0.0284198
34.5192    0.79121
34.6154    1.78886
34.7115    2.87906
34.8077    3.72573
34.9038    3.88723
35    3.04461
35.0962    1.19202
35.1923    -1.31196
35.2885    -3.86102
35.3846    -5.83077
35.4808    -6.81257
35.5769    -6.74617
35.6731    -5.90046
35.7692    -4.72573
35.8654    -3.65748
35.9615    -2.96238
36.0577    -2.68356
36.1538    -2.68617
36.25    -2.758
36.3462    -2.7059
36.4423    -2.40853
36.5385    -1.82284
36.6346    -0.969166
36.7308    0.0765067
36.8269    1.17537
36.9231    2.12221
37.0192    2.67562
37.1154    2.63678
37.2115    1.95736
37.3077    0.823974
37.4038    -0.339846
37.5    -0.983589
37.5962    -0.625948
37.6923    0.941716
37.7885    3.5431
37.8846    6.66431
37.9808    9.65835
38.0769    12.0242
38.1731    13.6296
38.2692    14.7571
38.3654    15.9266
38.4615    17.548
38.5577    19.5522
38.6538    21.1775
38.75    21.0465
38.8462    17.5583
38.9423    9.49356
39.0385    -3.37362
39.1346    -19.8896
39.2308    -37.5363
39.3269    -52.8967
39.4231    -62.4684
39.5192    -63.6015
39.6154    -55.2812
39.7115    -38.5131
39.8077    -16.1816
39.9038    7.59505
40    28.4387
40.0962    42.7444
40.1923    48.4888
40.2885    45.5995
40.3846    35.8052
40.4808    22.0408
40.5769    7.60537
40.6731    -4.66961
40.7692    -13.0107
40.8654    -16.9159
40.9615    -16.9869
41.0577    -14.4924
41.1538    -10.8428
41.25    -7.15514
41.3462    -4.02316
41.4423    -1.52044
41.5385    0.620798
41.6346    2.75634
41.7308    5.10404
41.8269    7.61263
41.9231    9.94562
42.0192    11.5625
42.1154    11.8613
42.2115    10.3455
42.3077    6.78304
42.4038    1.32904
42.5    -5.41928
42.5962    -12.4649
42.6923    -18.5669
42.7885    -22.4972
42.8846    -23.3435
42.9808    -20.7755
43.0769    -15.1826
43.1731    -7.62473
43.2692    0.407689
43.3654    7.35788
43.4615    11.9829
43.5577    13.6348
43.6538    12.3648
43.75    8.83806
43.8462    4.10613
43.9423    -0.676536
44.0385    -4.50682
44.1346    -6.70268
44.2308    -6.97352
44.3269    -5.40819
44.4231    -2.40868
44.5192    1.40798
44.6154    5.32825
44.7115    8.67299
44.8077    10.9247
44.9038    11.8221
45    11.3904
45.0962    9.88659
45.1923    7.6753
45.2885    5.07909
45.3846    2.26901
45.4808    -0.753335
45.5769    -4.07023
45.6731    -7.69863
45.7692    -11.4532
45.8654    -14.8981
45.9615    -17.4274
46.0577    -18.4513
46.1538    -17.6146
46.25    -14.9519
46.3462    -10.9083
46.4423    -6.21429
46.5385    -1.66545
46.6346    2.10271
46.7308    4.75732
46.8269    6.28411
46.9231    6.89142
47.0192    6.86421
47.1154    6.44257
47.2115    5.77508
47.3077    4.95123
47.4038    4.07423
47.5    3.31745
47.5962    2.92088
47.6923    3.11952
47.7885    4.03363
47.8846    5.5722
47.9808    7.39759
48.0769    8.97402
48.1731    9.69063
48.2692    9.02346
48.3654    6.69033
48.4615    2.75721
48.5577    -2.33178
48.6538    -7.81154
48.75    -12.7344
48.8462    -16.1679
48.9423    -17.4132
49.0385    -16.1911
49.1346    -12.7399
49.2308    -7.7843
49.3269    -2.36488
49.4231    2.43066
49.5192    5.75759
49.6154    7.22969
49.7115    6.98519
49.8077    5.58105
49.9038    3.75822
50    2.17045
50.0962    1.18101
50.1923    0.798701
50.2885    0.762378
50.3846    0.719666
50.4808    0.410504
50.5769    -0.225973
50.6731    -1.05772
50.7692    -1.85793
50.8654    -2.43217
50.9615    -2.70578
51.0577    -2.73243
51.1538    -2.63196
51.25    -2.50315
51.3462    -2.36648
51.4423    -2.16899
51.5385    -1.8436
51.6346    -1.38189
51.7308    -0.871113
51.8269    -0.467903
51.9231    -0.318946
52.0192    -0.47155
52.1154    -0.825703
52.2115    -1.15874
52.3077    -1.21555
52.4038    -0.822345
52.5    0.0309068
52.5962    1.17853
52.6923    2.34136
52.7885    3.23142
52.8846    3.64975
52.9808    3.5368
53.0769    2.96266
53.1731    2.07513
53.2692    1.0405
53.3654    0.00712686
53.4615    -0.899246
53.5577    -1.56245
53.6538    -1.87027
53.75    -1.73374
53.8462    -1.12863
53.9423    -0.136512
54.0385    1.04358
54.1346    2.13008
54.2308    2.83379
54.3269    2.94423
54.4231    2.39124
54.5192    1.25709
54.6154    -0.261942
54.7115    -1.92237
54.8077    -3.49705
54.9038    -4.81167
55    -5.74967
55.0962    -6.23979
55.1923    -6.2465
55.2885    -5.77487
55.3846    -4.88471
55.4808    -3.69566
55.5769    -2.36636
55.6731    -1.04642
55.7692    0.178769
55.8654    1.31845
55.9615    2.45689
56.0577    3.6835
56.1538    5.00345
56.25    6.27731
56.3462    7.23186
56.4423    7.55177
56.5385    7.01915
56.6346    5.63761
56.7308    3.67611
56.8269    1.60056
56.9231    -0.0869402
57.0192    -1.03563
57.1154    -1.1776
57.2115    -0.743445
57.3077    -0.153826
57.4038    0.164915
57.5    -0.0411043
57.5962    -0.75852
57.6923    -1.73191
57.7885    -2.58989
57.8846    -3.00937
57.9808    -2.84366
58.0769    -2.16364
58.1731    -1.20624
58.2692    -0.266211
58.3654    0.413202
58.4615    0.705172
58.5577    0.604872
58.6538    0.192881
58.75    -0.410088
58.8462    -1.0699
58.9423    -1.64193
59.0385    -1.96718
59.1346    -1.88603
59.2308    -1.28238
59.3269    -0.146542
59.4231    1.37536
59.5192    2.98101
59.6154    4.27788
59.7115    4.90033
59.8077    4.63445
59.9038    3.49729
60    1.73412
60.0962    -0.267715
60.1923    -2.11266
60.2885    -3.52245
60.3846    -4.40303
60.4808    -4.83148
60.5769    -4.97818
60.6731    -5.00622
60.7692    -4.99489
60.8654    -4.91633
60.9615    -4.66571
61.0577    -4.12105
61.1538    -3.19989
61.25    -1.89016
61.3462    -0.251567
61.4423    1.5995
61.5385    3.50433
61.6346    5.26792
61.7308    6.66377
61.8269    7.4541
61.9231    7.43745
62.0192    6.51813
62.1154    4.77166
62.2115    2.46967
62.3077    0.037253
62.4038    -2.05732
62.5    -3.44676
62.5962    -3.98647
62.6923    -3.79913
62.7885    -3.21617
62.8846    -2.63397
62.9808    -2.3424
63.0769    -2.39905
63.1731    -2.60572
63.2692    -2.60034
63.3654    -2.02694
63.4615    -0.711059
63.5577    1.23533
63.6538    3.42523
63.75    5.32051
63.8462    6.41689
63.9423    6.41531
64.0385    5.31374
64.1346    3.39006
64.2308    1.09284
64.3269    -1.10835
64.4231    -2.85206
64.5192    -3.95019
64.6154    -4.37983
64.7115    -4.22517
64.8077    -3.6093
64.9038    -2.65093
65    -1.45923
65.0962    -0.155601
65.1923    1.10385
65.2885    2.1294
65.3846    2.73075
65.4808    2.77035
65.5769    2.21268
65.6731    1.14583
65.7692    -0.234508
65.8654    -1.67133
65.9615    -2.90301
66.0577    -3.71042
66.1538    -3.94436
66.25    -3.53661
66.3462    -2.50556
66.4423    -0.964644
66.5385    0.869725
66.6346    2.68581
66.7308    4.11731
66.8269    4.82347
66.9231    4.59317
67.0192    3.43635
67.1154    1.61931
67.2115    -0.386104
67.3077    -2.03641
67.4038    -2.89311
67.5    -2.77664
67.5962    -1.83434
67.6923    -0.489209
67.7885    0.715469
67.8846    1.31684
67.9808    1.09935
68.0769    0.161957
68.1731    -1.13787
68.2692    -2.33551
68.3654    -3.03953
68.4615    -3.06657
68.5577    -2.48093
68.6538    -1.53361
68.75    -0.538845
68.8462    0.251268
68.9423    0.721019
69.0385    0.891658
69.1346    0.863425
69.2308    0.739569
69.3269    0.574932
69.4231    0.371759
69.5192    0.115819
69.6154    -0.176821
69.7115    -0.436296
69.8077    -0.557314
69.9038    -0.452521
70    -0.112564
70.0962    0.361107
70.1923    0.772132
70.2885    0.89142
70.3846    0.540875
70.4808    -0.335806
70.5769    -1.64279
70.6731    -3.15084
70.7692    -4.55336
70.8654    -5.5361
70.9615    -5.83818
71.0577    -5.29289
71.1538    -3.84992
71.25    -1.58681
71.3462    1.28506
71.4423    4.42425
71.5385    7.38457
71.6346    9.67307
71.7308    10.8407
71.8269    10.5885
71.9231    8.85789
72.0192    5.87219
72.1154    2.10682
72.2115    -1.80853
72.3077    -5.23031
72.4038    -7.64294
72.5    -8.76145
72.5962    -8.57019
72.6923    -7.29488
72.7885    -5.32621
72.8846    -3.12254
72.9808    -1.11824
73.0769    0.346583
73.1731    1.07002
73.2692    1.00853
73.3654    0.276338
73.4615    -0.876141
73.5577    -2.10704
73.6538    -3.05072
73.75    -3.4001
73.8462    -2.98556
73.9423    -1.827
74.0385    -0.138501
74.1346    1.72209
74.2308    3.34811
74.3269    4.39589
74.4231    4.67774
74.5192    4.20518
74.6154    3.16834
74.7115    1.86033
74.8077    0.575282
74.9038    -0.481771
75    -1.24076
75.0962    -1.75386
75.1923    -2.13422
75.2885    -2.47579
75.3846    -2.7918
75.4808    -3.00028
75.5769    -2.96367
75.6731    -2.56388
75.7692    -1.77671
75.8654    -0.707573
75.9615    0.432396
76.0577    1.40291
76.1538    2.03017
76.25    2.27592
76.3462    2.24402
76.4423    2.11749
76.5385    2.05384
76.6346    2.08986
76.7308    2.10709
76.8269    1.88205
76.9231    1.20386
77.0192    0.00514636
77.1154    -1.56055
77.2115    -3.14095
77.3077    -4.30769
77.4038    -4.72996
77.5    -4.32091
77.5962    -3.28572
77.6923    -2.04342
77.7885    -1.05338
77.8846    -0.62386
77.9808    -0.790067
78.0769    -1.31707
78.1731    -1.82331
78.2692    -1.96249
78.3654    -1.57473
78.4615    -0.735965
78.5577    0.312155
78.6538    1.30728
78.75    2.10426
78.8462    2.72993
78.9423    3.32602
79.0385    4.01497
79.1346    4.76819
79.2308    5.35897
79.3269    5.43816
79.4231    4.70378
79.5192    3.08053
79.6154    0.81222
79.7115    -1.59122
79.8077    -3.53894
79.9038    -4.59518
80    -4.6548
80.0962    -3.97322
80.1923    -3.03514
80.2885    -2.32456
80.3846    -2.10678
80.4808    -2.32574
80.5769    -2.662
80.6731    -2.71644
80.7692    -2.2241
80.8654    -1.19086
80.9615    0.112121
81.0577    1.28738
81.1538    2.00827
81.25    2.1725
81.3462    1.93699
81.4423    1.62174
81.5385    1.53735
81.6346    1.8263
81.7308    2.39632
81.8269    2.97312
81.9231    3.2384
82.0192    2.97861
82.1154    2.17129
82.2115    0.974075
82.3077    -0.365191
82.4038    -1.62014
82.5    -2.65776
82.5962    -3.43847
82.6923    -3.95732
82.7885    -4.17351
82.8846    -3.97992
82.9808    -3.23846
83.0769    -1.86567
83.1731    0.0785829
83.2692    2.35162
83.3654    4.56533
83.4615    6.28846
83.5577    7.16957
83.6538    7.02812
83.75    5.88092
83.8462    3.90599
83.9423    1.37518
84.0385    -1.40492
84.1346    -4.12091
84.2308    -6.45511
84.3269    -8.0909
84.4231    -8.74932
84.5192    -8.26307
84.6154    -6.6613
84.7115    -4.21754
84.8077    -1.41821
84.9038    1.15791
85    3.01334
85.0962    3.89
85.1923    3.84105
85.2885    3.18104
85.3846    2.33379
85.4808    1.6465
85.5769    1.25601
85.6731    1.06791
85.7692    0.854256
85.8654    0.416351
85.9615    -0.273366
86.0577    -1.026
86.1538    -1.51408
86.25    -1.43625
86.3462    -0.686628
86.4423    0.558198
86.5385    1.88323
86.6346    2.79546
86.7308    2.92887
86.8269    2.19977
86.9231    0.84025
87.0192    -0.705334
87.1154    -1.97287
87.2115    -2.67171
87.3077    -2.7924
87.4038    -2.5841
87.5    -2.41785
87.5962    -2.60253
87.6923    -3.23852
87.7885    -4.17204
87.8846    -5.06446
87.9808    -5.53791
88.0769    -5.32781
88.1731    -4.37561
88.2692    -2.82835
88.3654    -0.95714
88.4615    0.957177
88.5577    2.71357
88.6538    4.21691
88.75    5.4386
88.8462    6.34443
88.9423    6.83861
89.0385    6.7625
89.1346    5.95621
89.2308    4.3562
89.3269    2.07968
89.4231    -0.551422
89.5192    -3.06909
89.6154    -4.98583
89.7115    -5.94324
89.8077    -5.82499
89.9038    -4.79009
90    -3.21448
90.0962    -1.56521
90.1923    -0.256202
90.2885    0.46223
90.3846    0.546099
90.4808    0.128855
90.5769    -0.555327
90.6731    -1.25851
90.7692    -1.7832
90.8654    -2.00877
90.9615    -1.88617
91.0577    -1.41973
91.1538    -0.654951
91.25    0.320827
91.3462    1.37226
91.4423    2.32048
91.5385    2.97091
91.6346    3.16419
91.7308    2.83403
91.8269    2.04691
91.9231    1.0017
92.0192    -0.0174588
92.1154    -0.722105
92.2115    -0.906523
92.3077    -0.510298
92.4038    0.363995
92.5    1.48071
92.5962    2.53482
92.6923    3.22717
92.7885    3.331
92.8846    2.73802
92.9808    1.48145
93.0769    -0.262753
93.1731    -2.19635
93.2692    -3.94363
93.3654    -5.12215
93.4615    -5.43237
93.5577    -4.74656
93.6538    -3.1674
93.75    -1.02742
93.8462    1.18355
93.9423    2.94983
94.0385    3.88068
94.1346    3.82846
94.2308    2.92973
94.3269    1.55316
94.4231    0.173398
94.5192    -0.78145
94.6154    -1.05344
94.7115    -0.609727
94.8077    0.380177
94.9038    1.62277
95    2.79582
95.0962    3.62483
95.1923    3.92408
95.2885    3.60717
95.3846    2.68432
95.4808    1.26088
95.5769    -0.46324
95.6731    -2.20681
95.7692    -3.64962
95.8654    -4.50707
95.9615    -4.61819
96.0577    -4.01066
96.1538    -2.9061
96.25    -1.65053
96.3462    -0.588724
96.4423    0.0678146
96.5385    0.320381
96.6346    0.370467
96.7308    0.515902
96.8269    0.999898
96.9231    1.88118
97.0192    2.98566
97.1154    3.96315
97.2115    4.42444
97.3077    4.09772
97.4038    2.93651
97.5    1.13667
97.5962    -0.936902
97.6923    -2.87314
97.7885    -4.33069
97.8846    -5.10289
97.9808    -5.12085
98.0769    -4.41706
98.1731    -3.08731
98.2692    -1.27889
98.3654    0.793777
98.4615    2.83201
98.5577    4.46913
98.6538    5.33967
98.75    5.18885
98.8462    3.97913
98.9423    1.94061
99.0385    -0.469749
99.1346    -2.69564
99.2308    -4.25
99.3269    -4.85782
99.4231    -4.51621
99.5192    -3.45252
99.6154    -2.00708
99.7115    -0.499028
99.8077    0.864042
99.9038    1.99982
100    2.89746
100.096    3.53973
100.192    3.85357
100.288    3.7215
100.385    3.04927
100.481    1.85087
100.577    0.300001
100.673    -1.2879
100.769    -2.54384
100.865    -3.16855
100.962    -3.03732
101.058    -2.24069
101.154    -1.04502
101.25    0.207276
101.346    1.21346
101.442    1.79558
101.538    1.92735
101.635    1.70374
101.731    1.27845
101.827    0.801999
101.923    0.384497
102.019    0.0885205
102.115    -0.0590561
102.212    -0.0535448
102.308    0.0912581
102.404    0.337561
102.5    0.619163
102.596    0.84948
102.692    0.945429
102.788    0.859043
102.885    0.601226
102.981    0.243588
103.077    -0.105522
103.173    -0.341531
103.269    -0.402781
103.365    -0.290864
103.462    -0.0641504
103.558    0.190498
103.654    0.393188
103.75    0.497412
103.846    0.497838
103.942    0.420283
104.038    0.302997
104.135    0.180408
104.231    0.0760957
104.327    0.00452603
104.423    -0.0242967
104.519    -0.00351575
104.615    0.0664654
104.712    0.171815
104.808    0.283237
104.904    0.362409
105    0.37583
105.096    0.309641
105.192    0.177204
105.288    0.0145171
105.385    -0.134916
105.481    -0.238154
105.577    -0.284509
105.673    -0.285146
105.769    -0.261807
105.865    -0.231998
105.962    -0.199632
106.058    -0.156475
106.154    -0.0928356
106.25    -0.0101218
106.346    0.0733701
106.442    0.128011
106.538    0.127267
106.635    0.0628346
106.731    -0.048606
106.827    -0.171525
106.923    -0.267716
107.019    -0.313766
107.115    -0.310221
107.212    -0.277618
107.308    -0.2421
107.404    -0.21936
107.5    -0.206482
107.596    -0.186447
107.692    -0.142376
107.788    -0.0725589
107.885    0.00341752
107.981    0.0521095
108.077    0.0438766
108.173    -0.0288811
108.269    -0.143487
108.365    -0.254215
108.462    -0.312094
108.558    -0.287481
108.654    -0.183934
108.75    -0.0364799
108.846    0.1045
108.942    0.195275
109.038    0.215675
109.135    0.173343
109.231    0.0949239
109.327    0.0105205
109.423    -0.0595456
109.519    -0.109194
109.615    -0.141676
109.712    -0.160307
109.808    -0.161868
109.904    -0.137271
110    -0.0788454
110.096    0.0109025
110.192    0.115372
110.288    0.208149
110.385    0.263746
110.481    0.268974
110.577    0.228577
110.673    0.162021
110.769    0.0934855
110.865    0.0408815
110.962    0.0100136
111.058    -0.00343824
111.154    -0.00631692
111.25    -0.000331635
111.346    0.0203232
111.442    0.0643862
111.538    0.135029
111.635    0.223304
111.731    0.308475
111.827    0.366003
111.923    0.379058
112.019    0.346897
112.115    0.284961
112.212    0.216289
112.308    0.159091
112.404    0.117777
112.5    0.0828772
112.596    0.0399652
112.692    -0.017802
112.788    -0.0814712
112.885    -0.128072
112.981    -0.132254
113.077    -0.0815925
113.173    0.0133375
113.269    0.120556
113.365    0.200073
113.462    0.222493
113.558    0.182992
113.654    0.10312
113.75    0.0193277
113.846    -0.0356086
113.942    -0.0483126
114.038    -0.0294149
114.135    -0.00506747
114.231    -0.000656645
114.327    -0.0261547
114.423    -0.0712807
114.519    -0.112765
114.615    -0.12898
114.712    -0.113094
114.808    -0.0770121
114.904    -0.0439996
115    -0.0346441
115.096    -0.0547228
115.192    -0.0923266
115.288    -0.125984
115.385    -0.138867
115.481    -0.130386
115.577    -0.117896
115.673    -0.126999
115.769    -0.175717
115.865    -0.261705
115.962    -0.360181
116.058    -0.434382
116.154    -0.453258
116.25    -0.406964
116.346    -0.31184
116.442    -0.202322
116.538    -0.114373
116.635    -0.0694549
116.731    -0.0673904
116.827    -0.0911467
116.923    -0.11979
117.019    -0.141484
117.115    -0.15889
117.212    -0.184266
117.308    -0.22788
117.404    -0.287395
117.5    -0.345233
117.596    -0.376061
117.692    -0.360368
117.788    -0.296303
117.885    -0.202729
117.981    -0.111369
118.077    -0.0521049
118.173    -0.0393635
118.269    -0.066797
118.365    -0.112757
118.462    -0.152986
118.558    -0.173139
118.654    -0.174244
118.75    -0.168665
118.846    -0.169745
118.942    -0.181867
119.038    -0.197066
119.135    -0.200112
119.231    -0.178708
119.327    -0.132335
119.423    -0.0741519
119.519    -0.0245988
119.615    -0.000420388
119.712    -0.00561593
119.808    -0.0296737
119.904    -0.0540889
120    -0.0632154
120.096    -0.052953
120.192    -0.0321484
120.288    -0.0160431
120.385    -0.0159452
120.481    -0.0315882
120.577    -0.0509925
120.673    -0.0580236
120.769    -0.0430509
120.865    -0.0100611
120.962    0.0244372
121.058    0.040487
121.154    0.0266034
121.25    -0.0125353
121.346    -0.0574593
121.442    -0.0839763
121.538    -0.0764436
121.635    -0.0367208
121.731    0.0163974
121.827    0.0570868
121.923    0.0662258
122.019    0.0412497
122.115    -0.00332859
122.212    -0.0448122
122.308    -0.0653229
122.404    -0.0613428
122.5    -0.0443897
122.596    -0.0327116
122.692    -0.0391921
122.788    -0.0628512
122.885    -0.0891219
122.981    -0.0988
123.077    -0.0803199
123.173    -0.0379296
123.269    0.00933671
123.365    0.0375996
123.462    0.0314041
123.558    -0.00733729
123.654    -0.0599925
123.75    -0.101223
123.846    -0.112734
123.942    -0.0929739
124.038    -0.0573251
124.135    -0.0287991
124.231    -0.0246888
124.327    -0.0468632
124.423    -0.0811761
124.519    -0.106111
124.615    -0.105446
124.712    -0.0775052
124.808    -0.0357081
124.904    -0.000342411
