-1.66979
-1.23002
-0.852046
-0.732341
-0.980993
-1.57384
-2.84691
-3.12996
-3.16692
-2.61337
-1.45789
1.76647
3.03505
3.92132
4.39145
4.47171
4.19286
3.5713
2.63527
1.47495
0.275072
-0.705754
-1.21573
-1.12008
-0.485709
0.41078
2.64178
3.00036
2.55638
1.2047
-0.688078
-2.5717
-3.93057
-4.48234
-4.26859
-3.60009
-2.88814
-2.93743
-2.18191
-1.70948
-1.23777
-0.7179
-0.247389
-0.00888182
-0.167094
-0.750835
-1.58942
-2.34859
-2.6607
-1.64822
-0.760279
0.400643
1.44054
2.00884
1.9382
0.450095
-0.393059
-0.786781
-0.277509
1.26232
3.58977
6.14667
8.22499
9.181699999999999
8.63016
6.55024
3.29124
-1.03407
-4.8608
-7.76066
-9.13275
-8.76928
-6.87499
-4.00767
-0.915637
1.68295
3.30808
3.84105
3.51741
2.79296
2.13699
1.83738
1.89724
2.06276
1.96411
1.30222
-0.00355571
-1.7706
-3.62453
-5.14783
-6.03446
-6.18326
-5.69854
-4.81178
-3.77322
-2.76693
-1.88149
-1.13284
-0.5090479999999999
-0.00116698
0.398383
0.7211610000000001
1.04393
1.4787
2.12488
3.00399
4.01395
4.93496
5.49409
5.46396
4.75129
3.43416
1.732
-0.07420640000000001
-1.73137
-3.07246
-4.0238
-4.57193
-4.72154
-4.47586
-3.85135
-2.91175
-1.79035
-0.674416
0.250393
0.869584
1.183
1.2915
1.32795
1.36748
1.36925
1.18919
0.665895
-0.26143
-1.46782
-2.64473
-3.40157
-3.42619
-2.62826
-1.19281
0.487678
1.97434
2.9606
3.38318
3.41394
3.34126
3.40484
3.66916
3.99824
4.13903
3.86373
3.09202
1.92777
0.593661
-0.696577
-1.85424
-2.95324
-4.16576
-5.62882
-7.31374
-8.97101
-10.1856
-10.5225
-9.696630000000001
-7.69145
-4.77557
-1.41621
1.866
4.6364
6.62827
7.75086
8.044230000000001
7.62049
6.62531
5.22975
3.63712
2.07976
0.7891590000000001
-0.0552809
-0.37511
-0.211676
0.297941
0.977228
1.66992
2.27315
2.73147
3.00389
3.03384
2.75005
2.10559
1.135
-0.00879546
-1.07086
-1.77116
-1.91397
-1.47862
-0.64272
0.281629
0.975267
1.24636
1.10809
0.761365
0.489351
0.513227
0.877718
1.42056
1.84014
1.82983
1.21777
0.0511583
-1.40872
-2.77408
-3.66114
-3.81158
-3.1644
-1.8628
-0.206504
1.42617
2.66194
3.2064
2.90134
1.76169
-0.0144362
-2.07157
-3.96366
-5.25422
-5.62632
-4.96834
-3.40476
-1.25895
1.03954
3.06923
4.51314
5.20919
5.1502
4.45039
3.30459
1.95821
0.688204
-0.22092
-0.523904
-0.0872058
1.03402
2.55402
3.9879
4.77019
4.43437
2.79245
0.0408335
-3.26035
-6.34044
-8.45594
-9.127190000000001
-8.28617
-6.28098
-3.73895
-1.34434
0.383559
1.2321
1.31421
0.972271
0.617194
0.569973
0.962354
1.72163
2.629
3.41579
3.85607
3.82526
3.31541
2.41623
1.2805
0.0904248
-0.967734
-1.72331
-2.04249
-1.85575
-1.18784
-0.178288
0.923427
1.79888
2.13683
1.72755
0.54587
-1.20923
-3.14148
-4.75259
-5.58306
-5.35567
-4.07242
-2.0279
0.270898
2.25526
3.46661
3.69167
3.0158
1.77935
0.456203
-0.500184
-0.790396
-0.341847
0.694385
2.01076
3.24459
4.07936
4.32023
3.93083
3.03071
1.85897
0.71249
-0.130882
-0.489319
-0.334327
0.19293
0.81993
1.23194
1.18625
0.609778
-0.361842
-1.42593
-2.22454
-2.4838
-2.12302
-1.28664
-0.285302
0.527269
0.886537
0.701771
0.0617476
-0.830055
-1.74933
-2.5231
-3.04832
-3.26057
-3.08854
-2.43879
-1.23584
0.495805
2.55521
4.55116
5.98359
6.40537
5.6026
3.71137
1.20905
-1.22874
-2.95313
-3.5573
-2.99375
-1.54998
0.296863
2.07315
3.4615
4.35318
4.79566
4.88395
4.66755
4.12781
3.23326
2.03103
0.706964
-0.438747
-1.10804
-1.16673
-0.771127
-0.384028
-0.64722
-2.13922
-5.09968
-9.22358
-13.611
-16.911
-17.6383
-14.592
-7.27229
3.81429
17.0566
29.9095
39.3427
42.5101
37.5084
24.0342
3.73078
-19.9387
-42.3405
-58.7313
-65.468
-61.0125
-46.4044
-25.016
-1.63259
18.8738
32.8568
38.7762
37.3713
31.1059
23.1153
16.0565
11.2763
8.568860000000001
6.56134
3.52187
-1.76
-9.375030000000001
-18.197
-26.2918
-31.6387
-32.858
-29.664
-22.8878
-14.1049
-5.05267
2.91067
9.099159999999999
13.4662
16.3178
17.9493
18.398
17.4313
14.7629
10.372
4.74644
-1.09714
-5.85713
-8.370430000000001
-8.041
-5.08857
-0.505251
4.26835
7.81854
9.19683
8.1572
5.12205
0.924782
-3.53524
-7.57097
-10.8176
-13.1669
-14.6067
-15.0798
-14.4529
-12.6088
-9.59953
-5.75901
-1.6923
1.8753
4.32966
5.37484
5.11985
4.00778
2.62617
1.49088
0.900285
0.911555
1.42383
2.30077
3.45487
4.85063
6.44001
8.08723
9.54542
10.5119
10.7362
10.1165
8.723599999999999
6.73464
4.31635
1.53613
-1.63142
-5.19065
-8.96358
-12.4868
-15.0588
-15.9594
-14.764
-11.6085
-7.25831
-2.91248
0.202155
1.2862
0.273986
-2.14924
-4.83203
-6.61894
-6.78626
-5.26464
-2.56694
0.519832
3.31332
5.49983
7.1694
8.63209
10.1364
11.6529
12.8407
13.2093
12.3836
10.3237
7.38389
4.17973
1.33557
-0.758023
-2.05951
-2.8204
-3.40539
-4.09559
-4.97853
-5.96972
-6.93059
-7.79424
-8.612069999999999
-9.48845
-10.4438
-11.2959
-11.6451
-10.9951
-8.96274
-5.47889
-0.8793
4.16471
8.847519999999999
12.4732
14.6381
15.2854
14.6321
13.0274
10.8224
8.307840000000001
5.72397
3.30101
1.27719
-0.136748
-0.832392
-0.868995
-0.478188
0.010676
0.295343
0.212796
-0.221588
-0.868936
-1.58284
-2.31629
-3.15252
-4.23569
-5.63753
-7.23797
-8.69706
-9.54951
-9.386570000000001
-8.03941
-5.672
-2.73491
0.19878
2.63565
4.30665
5.19376
5.44367
5.23281
4.66817
3.77897
2.59337
1.23884
-0.0136313
-0.809241
-0.857611
-0.0950565
1.23265
2.62652
3.5186
3.50366
2.50813
0.813823
-1.07485
-2.65317
-3.61779
-3.95195
-3.86163
-3.60849
-3.33667
-2.98853
-2.3515
-1.20515
0.516752
2.6402
4.78857
6.52395
7.51779
7.66436
7.08497
6.03115
4.74754
3.37099
1.91572
0.342421
-1.33859
-2.99612
-4.38323
-5.21805
-5.29695
-4.58148
-3.21777
-1.48525
0.292831
1.83211
2.93182
3.48011
3.44202
2.85525
1.84052
0.608578
-0.56552
-1.41657
-1.79417
-1.74871
-1.54085
-1.5456
-2.07578
-3.20175
-4.66201
-5.92702
-6.40739
-5.72089
-3.89214
-1.38013
1.09435
2.85147
3.54678
3.31554
2.69313
2.34507
2.73374
3.8825
5.35279
6.44729
6.54358
5.39971
3.28747
0.89184
-0.974988
-1.71271
-1.17379
0.293781
2.00807
3.23628
3.47216
2.59699
0.876238
-1.18174
-3.02763
-4.24762
-4.65817
-4.3083
-3.41603
-2.2796
-1.19567
-0.398667
-0.0223792
-0.0823325
-0.482148
-1.04898
-1.59546
-1.99051
-2.20919
-2.33393
-2.4995
-2.80439
-3.23386
-3.64042
-3.80051
-3.52454
-2.76389
-1.65296
-0.454808
0.569444
1.30125
1.83636
2.43913
3.39208
4.81317
6.53867
8.143359999999999
9.10234
9.024100000000001
7.84149
5.86154
3.64179
1.74724
0.504559
-0.125679
-0.494404
-1.05384
-2.09672
-3.57639
-5.09943
-6.09673
-6.09087
-4.93046
-2.8799
-0.523914
1.46499
2.58649
2.68409
1.9617
0.854789
-0.170007
-0.790613
-0.910561
-0.631271
-0.155001
0.317902
0.647249
0.754568
0.593207
0.126974
-0.656897
-1.70623
-2.86682
-3.88716
-4.48069
-4.42589
-3.65734
-2.29932
-0.619937
1.07524
2.55863
3.74778
4.69223
5.49024
6.18318
6.68694
6.79981
6.28584
4.99313
2.94873
0.384541
-2.31667
-4.72788
-6.48843
-7.37495
-7.3148
-6.3556
-4.62257
-2.29325
0.401812
3.16722
5.64741
7.46851
8.31629
8.025130000000001
6.64102
4.42902
1.81833
-0.696389
-2.66305
-3.75713
-3.82696
-2.90187
-1.17709
1.01263
3.22965
4.98959
5.84531
5.49342
3.87716
1.24568
-1.86694
-4.7555
-6.72675
-7.29656
-6.33403
-4.10117
-1.1736
1.72914
3.9443
5.03231
4.8623
3.60372
1.64343
-0.533539
-2.461
-3.78068
-4.29434
-3.98162
-2.98904
-1.59363
-0.142795
1.02446
1.66115
1.67912
1.17565
0.405916
-0.295046
-0.61777
-0.376333
0.434693
1.64316
2.95912
4.06848
4.72712
4.8247
4.4004
3.61095
2.66654
1.75931
1.00866
0.440203
0.00276613
-0.385399
-0.78076
-1.17292
-1.47723
-1.56913
-1.34965
-0.815559
-0.0999435
0.543504
0.817801
0.498705
-0.455952
-1.85393
-3.30562
-4.3473
-4.60884
-3.96028
-2.57518
-0.880124
0.593878
1.40075
1.33499
0.494016
-0.772616
-1.99982
-2.77013
-2.83955
-2.18545
-0.973548
0.525923
2.02909
3.30145
4.18142
4.57599
4.44997
3.82463
2.7855
1.48592
0.130688
-1.06451
-1.92615
-2.36564
-2.39242
-2.09344
-1.59407
-1.02515
-0.514417
-0.200571
-0.247219
-0.8265709999999999
-2.05673
-3.90703
-6.11671
-8.18355
-9.45951
-9.344469999999999
-7.51667
-4.10684
0.268731
4.65086
8.0189
9.611879999999999
9.167820000000001
6.98948
3.81378
0.54155
-2.06215
-3.58214
-4.01032
-3.64572
-2.9018
-2.11557
-1.43834
-0.83961
-0.199167
0.574425
1.46333
2.3336
2.99543
3.29054
3.15818
2.64838
1.88253
0.988955
0.0513235
-0.903635
-1.87678
-2.84715
-3.73461
-4.39923
-4.68223
-4.47101
-3.75771
-2.66306
-1.41213
-0.269627
0.540896
0.9035300000000001
0.838154
0.481685
0.031656
-0.325264
-0.472793
-0.3914
-0.143909
0.170922
0.475024
0.75175
1.05123
1.45678
2.02761
2.74631
3.50041
4.11324
4.41543
4.32597
3.9019
3.32578
2.82792
2.57321
2.56489
2.61643
2.4149
1.65793
0.207778
-1.80719
-3.99529
-5.81651
-6.76738
-6.56195
-5.23549
-3.13151
-0.78272
1.26071
2.58633
3.00526
2.55373
1.43331
-0.0678265
-1.6369
-2.97128
-3.80017
-3.91622
-3.22627
-1.80466
0.087493
2.05017
3.66365
4.64119
4.94676
4.81178
4.6246
4.72881
5.21963
5.84213
6.05772
5.26957
3.11753
-0.290338
-4.32582
-8.010009999999999
-10.3472
-10.6887
-8.97359
-5.7446
-1.93384
1.48587
3.83448
4.9066
4.93958
4.40498
3.73594
3.12354
2.47078
1.51138
0.0201615
-1.99818
-4.23835
-6.17679
-7.26713
-7.15744
-5.83169
-3.59277
-0.729101
1.88683
3.82091
4.84028
4.99784
4.54371
3.78675
2.97212
2.22102
1.54244
0.891848
0.236121
-0.409797
-0.986784
-1.42409
-1.67528
-1.73492
-1.62834
-1.38435
-1.01118
-0.49341
0.185192
1.004
1.87459
2.63721
3.09327
3.06583
2.46558
1.3354
-0.146168
-1.70639
-3.05127
-3.94459
-4.26634
