-25    0
-24.9038    0
-24.8077    0
-24.7115    0
-24.6154    0
-24.5192    0
-24.4231    0
-24.3269    0
-24.2308    0
-24.1346    0
-24.0385    0
-23.9423    0
-23.8462    0
-23.75    0
-23.6538    0
-23.5577    0
-23.4615    0
-23.3654    0
-23.2692    0
-23.1731    0
-23.0769    0
-22.9808    0
-22.8846    0
-22.7885    0
-22.6923    0
-22.5962    0
-22.5    0
-22.4038    0
-22.3077    0
-22.2115    0
-22.1154    0
-22.0192    0
-21.9231    0
-21.8269    0
-21.7308    0
-21.6346    0
-21.5385    0
-21.4423    0
-21.3462    0
-21.25    0
-21.1538    0
-21.0577    0
-20.9615    0
-20.8654    0
-20.7692    0
-20.6731    0
-20.5769    0
-20.4808    0
-20.3846    0
-20.2885    0
-20.1923    0
-20.0962    0
-20    0
-19.9038    0
-19.8077    0
-19.7115    0
-19.6154    0
-19.5192    0
-19.4231    0
-19.3269    0
-19.2308    0
-19.1346    0
-19.0385    0
-18.9423    0
-18.8462    0
-18.75    0
-18.6538    0
-18.5577    0
-18.4615    0
-18.3654    0
-18.2692    0
-18.1731    0
-18.0769    0
-17.9808    0
-17.8846    0
-17.7885    0
-17.6923    0
-17.5962    0
-17.5    0
-17.4038    0
-17.3077    0
-17.2115    0
-17.1154    0
-17.0192    0
-16.9231    0
-16.8269    0
-16.7308    0
-16.6346    0
-16.5385    0
-16.4423    0
-16.3462    0
-16.25    0
-16.1538    0
-16.0577    0
-15.9615    0
-15.8654    0
-15.7692    0
-15.6731    0
-15.5769    0
-15.4808    0
-15.3846    0
-15.2885    0
-15.1923    0
-15.0962    0
-15    0
-14.9038    0
-14.8077    0
-14.7115    0
-14.6154    0
-14.5192    0
-14.4231    0
-14.3269    0
-14.2308    0
-14.1346    0
-14.0385    0
-13.9423    0
-13.8462    0
-13.75    0
-13.6538    0
-13.5577    0
-13.4615    0
-13.3654    0
-13.2692    0
-13.1731    0
-13.0769    0
-12.9808    0
-12.8846    0
-12.7885    0
-12.6923    0
-12.5962    0
-12.5    0
-12.4038    0
-12.3077    0
-12.2115    0
-12.1154    0
-12.0192    0
-11.9231    0
-11.8269    0
-11.7308    0
-11.6346    0
-11.5385    0
-11.4423    0
-11.3462    0
-11.25    0
-11.1538    0
-11.0577    0
-10.9615    0
-10.8654    0
-10.7692    0
-10.6731    0
-10.5769    0
-10.4808    0
-10.3846    0
-10.2885    0
-10.1923    0
-10.0962    0
-10    0
-9.90385    0
-9.80769    0
-9.71154    0
-9.61538    0
-9.51923    0
-9.42308    0
-9.32692    0
-9.23077    0
-9.13462    0
-9.03846    0
-8.94231    0
-8.84615    0
-8.75    0
-8.65385    0
-8.55769    0
-8.46154    0
-8.36538    0
-8.26923    0
-8.17308    0
-8.07692    0
-7.98077    0
-7.88462    0
-7.78846    0
-7.69231    0
-7.59615    0
-7.5    0
-7.40385    0
-7.30769    0
-7.21154    0
-7.11538    0
-7.01923    0
-6.92308    0
-6.82692    0
-6.73077    0
-6.63462    0
-6.53846    0
-6.44231    0
-6.34615    0
-6.25    0
-6.15385    0
-6.05769    0
-5.96154    0
-5.86538    0
-5.76923    0
-5.67308    0
-5.57692    0
-5.48077    0
-5.38462    0
-5.28846    0
-5.19231    0
-5.09615    0
-5    0
-4.90385    0
-4.80769    0
-4.71154    0
-4.61538    0
-4.51923    0
-4.42308    0
-4.32692    0
-4.23077    0
-4.13462    0
-4.03846    0
-3.94231    0
-3.84615    0
-3.75    0
-3.65385    0
-3.55769    0
-3.46154    0
-3.36538    0
-3.26923    0
-3.17308    0
-3.07692    0
-2.98077    0
-2.88462    0
-2.78846    0
-2.69231    0
-2.59615    0
-2.5    0
-2.40385    0
-2.30769    0
-2.21154    0
-2.11538    0
-2.01923    0
-1.92308    0
-1.82692    0
-1.73077    0
-1.63462    0
-1.53846    0
-1.44231    0
-1.34615    0
-1.25    0
-1.15385    0
-1.05769    0
-0.961538    0
-0.865385    0
-0.769231    0
-0.673077    0
-0.576923    0
-0.480769    0
-0.384615    0
-0.288462    0
-0.192308    0
-0.0961538    0
-3.19744e-14    0
0.0961538    0
0.192308    0
0.288462    0
0.384615    0
0.480769    0
0.576923    0
0.673077    0
0.769231    0
0.865385    0
0.961538    0
1.05769    0
1.15385    0
1.25    0
1.34615    0
1.44231    0
1.53846    0
1.63462    0
1.73077    0
1.82692    0
1.92308    -1.3884
2.01923    -1.92852
2.11538    -2.28049
2.21154    -2.25621
2.30769    -1.83915
2.40385    -1.13011
2.5    -0.309695
2.59615    0.428094
2.69231    0.942521
2.78846    1.18543
2.88462    1.19921
2.98077    1.07865
3.07692    0.917797
3.17308    0.767854
3.26923    0.624659
3.36538    0.448458
3.46154    0.202622
3.55769    -0.110628
3.65385    -0.436795
3.75    -0.685265
3.84615    -0.767251
3.94231    -0.637041
4.03846    -0.316641
4.13462    0.107905
4.23077    0.516951
4.32692    0.800852
4.42308    2.45176
4.51923    2.24927
4.61538    1.87189
4.71154    1.16505
4.80769    0.344882
4.90385    -0.345452
5    -0.969894
5.09615    0.620687
5.19231    1.13471
5.28846    2.40208
5.38462    3.60451
5.48077    4.1538
5.57692    3.86841
5.67308    2.02368
5.76923    0.809968
5.86538    -0.378162
5.96154    -1.28426
6.05769    -1.87686
6.15385    -2.23464
6.25    -2.45721
6.34615    -2.58874
6.44231    -3.9857
6.53846    -3.61273
6.63462    -2.89943
6.73077    -1.82071
6.82692    -0.613538
6.92308    0.45664
7.01923    1.19434
7.11538    1.53277
7.21154    1.52859
7.30769    -0.0605765
7.40385    0.0981687
7.5    0.46842
7.59615    1.00815
7.69231    1.46965
7.78846    2.91441
7.88462    2.73852
7.98077    2.07242
8.07692    1.11916
8.17308    0.184432
8.26923    -0.489713
8.36538    -0.811137
8.46154    -0.847217
8.55769    -0.76664
8.65385    -0.750887
8.75    -0.918156
8.84615    -1.28627
8.94231    -1.77677
9.03846    -2.24479
9.13462    -2.51697
9.23077    -2.42829
9.32692    -1.85965
9.42308    -0.779564
9.51923    0.716079
9.61538    2.38463
9.71154    3.42172
9.80769    4.18054
9.90385    3.85414
10    2.57842
10.0962    0.633838
10.1923    -1.50109
10.2885    -3.28966
10.3846    -4.31346
10.4808    -4.40878
10.5769    -3.7081
10.6731    -2.5703
10.7692    -1.43019
10.8654    -2.20013
10.9615    -0.0985197
11.0577    0.217259
11.1538    0.38042
11.25    0.487418
11.3462    0.702473
11.4423    1.11591
11.5385    1.73153
11.6346    2.49302
11.7308    3.32433
11.8269    4.15651
11.9231    4.92572
12.0192    5.54798
12.1154    6.56067
12.2115    6.51595
12.3077    5.80495
12.4038    4.28481
12.5    1.98178
12.5962    -0.8926
12.6923    -3.93602
12.7885    -6.60772
12.8846    -8.33796
12.9808    -8.67381
13.0769    -7.42324
13.1731    -4.75136
13.2692    -1.18913
13.3654    2.46399
13.4615    5.32918
13.5577    6.68195
13.6538    6.16165
13.75    3.888
13.8462    0.441215
13.9423    -3.29485
14.0385    -6.38078
14.1346    -8.08331
14.2308    -8.06841
14.3269    -6.468
14.4231    -3.80691
14.5192    -0.823339
14.6154    1.75291
14.7115    3.3941
14.8077    3.88844
14.9038    3.35482
15    2.17059
15.0962    0.844961
15.1923    -0.124362
15.2885    -0.378783
15.3846    0.212505
15.4808    1.51815
15.5769    3.17336
15.6731    4.67149
15.7692    5.50402
15.8654    5.31606
15.9615    4.03081
16.0577    1.89593
16.1538    -0.575173
16.25    -2.75797
16.3462    -4.11857
16.4423    -4.38957
16.5385    -3.65149
16.6346    -2.28633
16.7308    -0.821626
16.8269    0.270588
16.9231    0.737011
17.0192    0.603999
17.1154    0.118706
17.2115    -0.393464
17.3077    -0.684151
17.4038    -0.678946
17.5    -0.477917
17.5962    -0.27055
17.6923    -0.21588
17.7885    -0.350723
17.8846    -0.569281
17.9808    -0.678225
18.0769    -0.493856
18.1731    0.0692194
18.2692    0.958666
18.3654    2.00619
18.4615    2.99165
18.5577    3.71408
18.6538    4.03867
18.75    3.90827
18.8462    3.32958
18.9423    2.35456
19.0385    1.07219
19.1346    -0.389167
19.2308    -1.8628
19.3269    -3.16317
19.4231    -4.12789
19.5192    -4.66811
19.6154    -4.8015
19.7115    -4.6454
19.8077    -4.36586
19.9038    -4.10194
20    -3.90008
20.0962    -3.69098
20.1923    -3.32185
20.2885    -2.62964
20.3846    -1.52147
20.4808    -0.026474
20.5769    1.70086
20.6731    3.42156
20.7692    4.87401
20.8654    5.83009
20.9615    6.13017
21.0577    5.69871
21.1538    4.55268
21.25    2.81231
21.3462    0.709599
21.4423    -1.42324
21.5385    -3.20374
21.6346    -4.28985
21.7308    -4.48665
21.8269    -3.8241
21.9231    -2.56153
22.0192    -1.10165
22.1154    0.159987
22.2115    0.987378
22.3077    1.3864
22.4038    1.57301
22.5    1.83712
22.5962    2.36596
22.6923    3.11613
22.7885    3.80439
22.8846    4.03017
22.9808    3.4759
23.0769    2.08757
23.1731    0.142927
23.2692    -1.83414
23.3654    -3.2794
23.4615    -3.82102
23.5577    -3.431
23.6538    -2.42495
23.75    -1.31254
23.8462    -0.571083
23.9423    -0.448731
24.0385    -0.885047
24.1346    -1.57661
24.2308    -2.14496
24.3269    -2.319
24.4231    -2.04458
24.5192    -1.47738
24.6154    -0.876528
24.7115    -0.463276
24.8077    -0.319439
24.9038    -0.371497
25    -0.457087
25.0962    -0.428255
25.1923    -0.231962
25.2885    0.0724849
25.3846    0.360565
25.4808    0.520174
25.5769    0.512482
25.6731    0.383219
25.7692    0.223226
25.8654    0.106673
25.9615    0.046242
26.0577    -0.00817422
26.1538    -0.128235
26.25    -0.350013
26.3462    -0.636611
26.4423    -0.884171
26.5385    -0.969454
26.6346    -0.813204
26.7308    -0.424478
26.8269    0.0985921
26.9231    0.612711
27.0192    0.995824
27.1154    1.20288
27.2115    1.28416
27.3077    1.3586
27.4038    1.55603
27.5    1.95512
27.5962    2.54355
27.6923    3.21462
27.7885    3.79878
27.8846    4.11582
27.9808    4.02905
28.0769    3.48545
28.1731    2.53236
28.2692    1.30822
28.3654    0.0100342
28.4615    -1.15497
28.5577    -2.02203
28.6538    -2.51101
28.75    -2.64341
28.8462    -2.52567
28.9423    -2.3017
29.0385    -2.09115
29.1346    -1.93821
29.2308    -1.79387
29.3269    -1.54148
29.4231    -1.05621
29.5192    -0.272995
29.6154    0.766972
29.7115    1.91125
29.8077    2.9336
29.9038    3.59615
30    3.71016
30.0962    3.17481
30.1923    1.98876
30.2885    0.243816
30.3846    -1.88458
30.4808    -4.14263
30.5769    -6.206
30.6731    -7.7071
30.7692    -8.29555
30.8654    -7.72836
30.9615    -5.96297
31.0577    -3.21211
31.1538    0.0755216
31.25    3.31772
31.3462    5.95651
31.4423    7.61458
31.5385    8.18926
31.6346    7.84728
31.7308    6.92627
31.8269    5.78929
31.9231    4.69704
32.0192    3.74921
32.1154    2.91
32.2115    2.09078
32.3077    1.23863
32.4038    0.382838
32.5    -0.380339
32.5962    -0.94824
32.6923    -1.27754
32.7885    -1.41534
32.8846    -1.4781
32.9808    -1.59161
33.0769    -1.82531
33.1731    -2.15499
33.2692    -2.46927
33.3654    -2.61126
33.4615    -2.43161
33.5577    -1.83028
33.6538    -0.778919
33.75    0.669348
33.8462    2.37166
33.9423    4.08794
34.0385    5.48932
34.1346    6.20509
34.2308    5.91879
34.3269    4.4947
34.4231    2.0848
34.5192    -0.845483
34.6154    -3.61264
34.7115    -5.52007
34.8077    -6.10348
34.9038    -5.31393
35    -3.5495
35.0962    -1.50733
35.1923    0.090826
35.2885    0.783394
35.3846    0.5378
35.4808    -0.272284
35.5769    -1.06755
35.6731    -1.34361
35.7692    -0.897062
35.8654    0.107035
35.9615    1.24897
36.0577    2.08097
36.1538    2.34482
36.25    2.07026
36.3462    1.5125
36.4423    0.975595
36.5385    0.628539
36.6346    0.420502
36.7308    0.142387
36.8269    -0.403418
36.9231    -1.22679
37.0192    -2.07549
37.1154    -2.51669
37.2115    -2.14258
37.3077    -0.797375
37.4038    1.29423
37.5    3.57087
37.5962    5.3393
37.6923    6.04868
37.7885    5.50966
37.8846    3.9614
37.9808    1.96369
38.0769    0.171224
38.1731    -0.906131
38.2692    -1.05898
38.3654    -0.402109
38.4615    0.717943
38.5577    1.87131
38.6538    2.682
38.75    2.9129
38.8462    2.49416
38.9423    1.51516
39.0385    0.200203
39.1346    -1.12775
39.2308    -2.1057
39.3269    -2.41976
39.4231    -1.91177
39.5192    -0.665712
39.6154    0.972064
39.7115    2.46485
39.8077    3.23365
39.9038    2.82521
40    1.03083
40.0962    -2.08584
40.1923    -6.24104
40.2885    -11.0045
40.3846    -15.8272
40.4808    -19.9988
40.5769    -22.5841
40.6731    -22.4454
40.7692    -18.4561
40.8654    -9.92674
40.9615    2.86644
41.0577    18.2801
41.1538    33.2889
41.25    44.0153
41.3462    46.7573
41.4423    39.2263
41.5385    21.5585
41.6346    -3.33022
41.7308    -30.2727
41.8269    -53.1759
41.9231    -66.7398
42.0192    -67.9978
42.1154    -57.1437
42.2115    -37.3649
42.3077    -13.758
42.4038    8.27333
42.5    24.5708
42.5962    33.2143
42.6923    34.6814
42.7885    31.2202
42.8846    25.7516
42.9808    20.744
43.0769    17.451
43.1731    15.719
43.2692    14.3415
43.3654    11.7472
43.4615    6.73029
43.5577    -1.03707
43.6538    -10.8522
43.75    -21.1922
43.8462    -30.172
43.9423    -36.0794
44.0385    -37.8188
44.1346    -35.15
44.2308    -28.6835
44.3269    -19.665
44.4231    -9.63863
44.5192    -0.0949529
44.6154    7.80042
44.7115    13.3449
44.8077    16.3016
44.9038    16.8108
45    15.2735
45.0962    12.2591
45.1923    8.45361
45.2885    4.62389
45.3846    1.55415
45.4808    -0.0768058
45.5769    0.13217
45.6731    2.14083
45.7692    5.3959
45.8654    8.91772
45.9615    11.552
46.0577    12.318
46.1538    10.7291
46.25    6.95794
46.3462    1.77416
46.4423    -3.72551
46.5385    -8.48791
46.6346    -11.8269
46.7308    -13.5765
46.8269    -14.0306
46.9231    -13.7175
47.0192    -13.1266
47.1154    -12.5093
47.2115    -11.8285
47.3077    -10.8532
47.4038    -9.32989
47.5    -7.13672
47.5962    -4.35486
47.6923    -1.24111
47.7885    1.86164
47.8846    4.61963
47.9808    6.76724
48.0769    8.12268
48.1731    8.5841
48.2692    8.13609
48.3654    6.87742
48.4615    5.05148
48.5577    3.04362
48.6538    1.31939
48.75    0.309494
48.8462    0.283725
48.9423    1.2707
49.0385    3.06344
49.1346    5.30782
49.2308    7.62732
49.3269    9.71883
49.4231    11.374
49.5192    12.4285
49.6154    12.689
49.7115    11.9075
49.8077    9.84565
49.9038    6.41456
50    1.81897
50.0962    -3.3875
50.1923    -8.39726
50.2885    -12.3823
50.3846    -14.7774
50.4808    -15.4868
50.5769    -14.9093
50.6731    -13.7618
50.7692    -12.7719
50.8654    -12.3769
50.9615    -12.565
51.0577    -12.9241
51.1538    -12.8646
51.25    -11.9027
51.3462    -9.86657
51.4423    -6.9391
51.5385    -3.53565
51.6346    -0.100265
51.7308    3.06513
51.8269    5.85447
51.9231    8.28502
52.0192    10.3636
52.1154    11.9886
52.2115    12.9578
52.3077    13.0827
52.4038    12.3403
52.5    10.9617
52.5962    9.3893
52.6923    8.10382
52.7885    7.40188
52.8846    7.23963
52.9808    7.2325
53.0769    6.82425
53.1731    5.55073
53.2692    3.27203
53.3654    0.258135
53.4615    -2.91561
53.5577    -5.61373
53.6538    -7.40829
53.75    -8.24135
53.8462    -8.40875
53.9423    -8.38019
54.0385    -8.5489
54.1346    -9.03411
54.2308    -9.62764
54.3269    -9.90258
54.4231    -9.42359
54.5192    -7.95504
54.6154    -5.57176
54.7115    -2.63073
54.8077    0.370681
54.9038    2.97515
55    4.90233
55.0962    6.09112
55.1923    6.6476
55.2885    6.74232
55.3846    6.51632
55.4808    6.03987
55.5769    5.33234
55.6731    4.41797
55.7692    3.37576
55.8654    2.34927
55.9615    1.5067
56.0577    0.969547
56.1538    0.745044
56.25    0.697782
56.3462    0.579337
56.4423    0.110974
56.5385    -0.907313
56.6346    -2.49999
56.7308    -4.46827
56.8269    -6.41428
56.9231    -7.83733
57.0192    -8.27841
57.1154    -7.47
57.2115    -5.44184
57.3077    -2.54261
57.4038    0.637235
57.5    3.42319
57.5962    5.24701
57.6923    5.80722
57.7885    5.1461
57.8846    3.61882
57.9808    1.76887
58.0769    0.156603
58.1731    -0.799598
58.2692    -0.92114
58.3654    -0.285674
58.4615    0.827044
58.5577    2.02906
58.6538    2.9246
58.75    3.19521
58.8462    2.6625
58.9423    1.32928
59.0385    -0.603864
59.1346    -2.75747
59.2308    -4.64133
59.3269    -5.77366
59.4231    -5.82884
59.5192    -4.76557
59.6154    -2.87828
59.7115    -0.733274
59.8077    1.00553
59.9038    1.80486
60    1.45535
60.0962    0.14622
60.1923    -1.61634
60.2885    -3.21669
60.3846    -4.17452
60.4808    -4.31964
60.5769    -3.82096
60.6731    -3.06261
60.7692    -2.43252
60.8654    -2.12905
60.9615    -2.07934
61.0577    -2.00438
61.1538    -1.59133
61.25    -0.679795
61.3462    0.635794
61.4423    2.03968
61.5385    3.14501
61.6346    3.68112
61.7308    3.62061
61.8269    3.18191
61.9231    2.7085
62.0192    2.4894
62.1154    2.61393
62.2115    2.93368
62.3077    3.14761
62.4038    2.96322
62.5    2.24999
62.5962    1.10855
62.6923    -0.175029
62.7885    -1.2622
62.8846    -1.91286
62.9808    -2.08084
63.0769    -1.9131
63.1731    -1.66154
63.2692    -1.55752
63.3654    -1.71146
63.4615    -2.08059
63.5577    -2.50995
63.6538    -2.81652
63.75    -2.87105
63.8462    -2.64112
63.9423    -2.1848
64.0385    -1.60936
64.1346    -1.02262
64.2308    -0.500439
64.3269    -0.0786252
64.4231    0.237325
64.5192    0.457792
64.6154    0.599385
64.7115    0.680887
64.8077    0.719704
64.9038    0.724773
65    0.688296
65.0962    0.584364
65.1923    0.381618
65.2885    0.0687638
65.3846    -0.319117
65.4808    -0.690846
65.5769    -0.918054
65.6731    -0.879944
65.7692    -0.51513
65.8654    0.145521
65.9615    0.983812
66.0577    1.83661
66.1538    2.55506
66.25    3.05038
66.3462    3.30394
66.4423    3.34045
66.5385    3.18622
66.6346    2.84375
66.7308    2.30423
66.8269    1.59359
66.9231    0.82219
67.0192    0.197714
67.1154    -0.0241495
67.2115    0.35648
67.3077    1.36831
67.4038    2.80094
67.5    4.22911
67.5962    5.13354
67.6923    5.07584
67.7885    3.85597
67.8846    1.58517
67.9808    -1.35505
68.0769    -4.44543
68.1731    -7.19052
68.2692    -9.23904
68.3654    -10.4204
68.4615    -10.7015
68.5577    -10.1098
68.6538    -8.67973
68.75    -6.45834
68.8462    -3.56501
68.9423    -0.257742
69.0385    3.04971
69.1346    5.85431
69.2308    7.70136
69.3269    8.33719
69.4231    7.80425
69.5192    6.42746
69.6154    4.69082
69.7115    3.05589
69.8077    1.80306
69.9038    0.965132
70    0.378157
70.0962    -0.182233
70.1923    -0.850417
70.2885    -1.58104
70.3846    -2.16148
70.4808    -2.31615
70.5769    -1.84781
70.6731    -0.746042
70.7692    0.787478
70.8654    2.4053
70.9615    3.73726
71.0577    4.5131
71.1538    4.63377
71.25    4.16936
71.3462    3.29732
71.4423    2.21754
71.5385    1.08401
71.6346    -0.0235853
71.7308    -1.08836
71.8269    -2.12257
71.9231    -3.13415
72.0192    -4.10755
72.1154    -5.0009
72.2115    -5.75187
72.3077    -6.28468
72.4038    -6.51601
72.5    -6.36436
72.5962    -5.76814
72.6923    -4.71236
72.7885    -3.25486
72.8846    -1.53776
72.9808    0.227883
73.0769    1.80523
73.1731    2.99047
73.2692    3.66587
73.3654    3.8264
73.4615    3.57018
73.5577    3.05815
73.6538    2.46111
73.75    1.91567
73.8462    1.50417
73.9423    1.26056
74.0385    1.192
74.1346    1.29985
74.2308    1.58654
74.3269    2.04391
74.4231    2.62967
74.5192    3.24569
74.6154    3.73331
74.7115    3.89491
74.8077    3.54176
74.9038    2.5574
75    0.95778
75.0962    -1.07435
75.1923    -3.19954
75.2885    -4.98452
75.3846    -6.00943
75.4808    -5.99294
75.5769    -4.89567
75.6731    -2.962
75.7692    -0.675021
75.8654    1.37184
75.9615    2.65038
76.0577    2.8617
76.1538    2.02817
76.25    0.476022
76.3462    -1.28753
76.4423    -2.75689
76.5385    -3.59941
76.6346    -3.74934
76.7308    -3.39088
76.8269    -2.84449
76.9231    -2.41032
77.0192    -2.23852
77.1154    -2.27929
77.2115    -2.32683
77.3077    -2.12848
77.4038    -1.50404
77.5    -0.421935
77.5962    0.994771
77.6923    2.52386
77.7885    3.92511
77.8846    5.00632
77.9808    5.64998
78.0769    5.80302
78.1731    5.453
78.2692    4.61752
78.3654    3.35846
78.4615    1.81023
78.5577    0.194772
78.6538    -1.20181
78.75    -2.09712
78.8462    -2.30419
78.9423    -1.80767
79.0385    -0.786349
79.1346    0.435062
79.2308    1.48975
79.3269    2.08761
79.4231    2.10114
79.5192    1.58626
79.6154    0.735691
79.7115    -0.208385
79.8077    -1.04125
79.9038    -1.64718
80    -2.00227
80.0962    -2.1402
80.1923    -2.10766
80.2885    -1.93568
80.3846    -1.6387
80.4808    -1.23509
80.5769    -0.77093
80.6731    -0.328654
80.7692    -0.0124529
80.8654    0.0841266
80.9615    -0.0860728
81.0577    -0.499729
81.1538    -1.05902
81.25    -1.60756
81.3462    -1.96068
81.4423    -1.94379
81.5385    -1.43419
81.6346    -0.401908
81.7308    1.05803
81.8269    2.71496
81.9231    4.22757
82.0192    5.21213
82.1154    5.34533
82.2115    4.47451
82.3077    2.69558
82.4038    0.362032
82.5    -1.99055
82.5962    -3.78828
82.6923    -4.58563
82.7885    -4.19662
82.8846    -2.74324
82.9808    -0.605025
83.0769    1.70849
83.1731    3.71237
83.2692    5.07166
83.3654    5.65858
83.4615    5.53385
83.5577    4.87486
83.6538    3.88961
83.75    2.75147
83.8462    1.57204
83.9423    0.407821
84.0385    -0.717236
84.1346    -1.79107
84.2308    -2.8029
84.3269    -3.73885
84.4231    -4.57465
84.5192    -5.26123
84.6154    -5.70949
84.7115    -5.78928
84.8077    -5.35643
84.9038    -4.30936
85    -2.65851
85.0962    -0.577428
85.1923    1.5959
85.2885    3.42364
85.3846    4.48752
85.4808    4.52619
85.5769    3.53993
85.6731    1.8195
85.7692    -0.119168
85.8654    -1.67839
85.9615    -2.35527
86.0577    -1.89345
86.1538    -0.360877
86.25    1.87045
86.3462    4.23341
86.4423    6.12647
86.5385    7.07529
86.6346    6.84804
86.7308    5.49587
86.8269    3.31515
86.9231    0.751592
87.0192    -1.7197
87.1154    -3.70241
87.2115    -4.94965
87.3077    -5.38685
87.4038    -5.0927
87.5    -4.25386
87.5962    -3.11112
87.6923    -1.90994
87.7885    -0.860771
87.8846    -0.109002
87.9808    0.286253
88.0769    0.362133
88.1731    0.244365
88.2692    0.115862
88.3654    0.162094
88.4615    0.504978
88.5577    1.14728
88.6538    1.95197
88.75    2.67189
88.8462    3.02633
88.9423    2.8003
89.0385    1.92981
89.1346    0.539054
89.2308    -1.08629
89.3269    -2.57967
89.4231    -3.59677
89.5192    -3.903
89.6154    -3.41787
89.7115    -2.21109
89.8077    -0.465822
89.9038    1.56615
90    3.59953
90.0962    5.3395
90.1923    6.50774
90.2885    6.88472
90.3846    6.36862
90.4808    5.0302
90.5769    3.12935
90.6731    1.06617
90.7692    -0.733469
90.8654    -1.96092
90.9615    -2.53493
91.0577    -2.62187
91.1538    -2.54572
91.25    -2.62101
91.3462    -2.98601
91.4423    -3.52139
91.5385    -3.9037
91.6346    -3.77678
91.7308    -2.96038
91.8269    -1.58821
91.9231    -0.0950922
92.0192    0.955361
92.1154    1.12883
92.2115    0.340814
92.3077    -1.07353
92.4038    -2.48405
92.5    -3.23412
92.5962    -2.92882
92.6923    -1.60587
92.7885    0.292688
92.8846    2.13265
92.9808    3.37822
93.0769    3.81877
93.1731    3.62424
93.2692    3.21076
93.3654    2.99441
93.4615    3.16556
93.5577    3.60045
93.6538    3.95095
93.75    3.85781
93.8462    3.16824
93.9423    2.03935
94.0385    0.872256
94.1346    0.113381
94.2308    0.0296997
94.3269    0.576589
94.4231    1.42527
94.5192    2.13106
94.6154    2.35053
94.7115    1.99385
94.8077    1.23839
94.9038    0.406811
95    -0.215112
95.0962    -0.518714
95.1923    -0.598627
95.2885    -0.661274
95.3846    -0.87881
95.4808    -1.27905
95.5769    -1.73579
95.6731    -2.06086
95.7692    -2.13715
95.8654    -2.00676
95.9615    -1.85545
96.0577    -1.89745
96.1538    -2.22695
96.25    -2.7267
96.3462    -3.09575
96.4423    -2.99147
96.5385    -2.21414
96.6346    -0.833538
96.7308    0.816135
96.8269    2.27719
96.9231    3.17579
97.0192    3.38882
97.1154    3.08362
97.2115    2.61162
97.3077    2.31477
97.4038    2.34907
97.5    2.61874
97.5962    2.85158
97.6923    2.76879
97.7885    2.2511
97.8846    1.40775
97.9808    0.511398
98.0769    -0.160789
98.1731    -0.48564
98.2692    -0.557643
98.3654    -0.617387
98.4615    -0.882983
98.5577    -1.3817
98.6538    -1.8848
98.75    -1.99579
98.8462    -1.35882
98.9423    0.116459
99.0385    2.13471
99.1346    4.07481
99.2308    5.21802
99.3269    5.04712
99.4231    3.4804
99.5192    0.930615
99.6154    -1.84157
99.7115    -4.01652
99.8077    -5.02128
99.9038    -4.72324
100    -3.4375
100.096    -1.75893
100.192    -0.302987
100.288    0.529342
100.385    0.66994
100.481    0.351773
100.577    -0.0399166
100.673    -0.156896
100.769    0.164246
100.865    0.848672
100.962    1.63181
101.058    2.17713
101.154    2.21029
101.25    1.61983
101.346    0.493969
101.442    -0.911491
101.538    -2.2576
101.635    -3.22908
101.731    -3.62965
101.827    -3.43627
101.923    -2.39714
102.019    -0.032775
102.115    1.08152
102.212    1.57145
102.308    1.39296
102.404    0.764825
102.5    0.0640727
102.596    -0.342168
102.692    -0.253252
102.788    0.290395
102.885    1.0465
102.981    1.70113
103.077    2.02313
103.173    1.96557
103.269    1.6653
103.365    1.34516
103.462    1.17381
103.558    1.1603
103.654    1.14076
103.75    0.865892
103.846    0.143318
103.942    -1.04048
104.038    -2.48371
104.135    -3.83871
104.231    -4.75263
104.327    -5.00866
104.423    -4.63257
104.519    -5.13381
104.615    -3.82114
104.712    -2.17636
104.808    -0.419323
104.904    1.27965
105    2.66576
105.096    3.81499
105.192    2.82677
105.288    2.60311
105.385    1.8927
105.481    0.85169
105.577    -0.00651522
105.673    -0.569023
105.769    -0.226269
105.865    -0.623215
105.962    -1.03975
106.058    -1.48207
106.154    -1.90152
106.25    -2.20278
106.346    -2.27384
106.442    -1.99787
106.538    -0.243972
106.635    0.308967
106.731    0.792174
106.827    1.10626
106.923    1.16068
107.019    0.918383
107.115    0.439624
107.212    -0.104371
107.308    -0.509617
107.404    0.453578
107.5    0.283195
107.596    0.360858
107.692    0.662208
107.788    0.836705
107.885    0.025228
107.981    0.205237
108.077    0.250671
108.173    0.146129
108.269    -0.0392452
108.365    -0.194498
108.462    -0.230623
108.558    -0.129972
108.654    0.0456885
108.75    0.192242
108.846    0.223925
108.942    0.123012
109.038    -0.0500125
109.135    -0.192066
109.231    -0.219208
109.327    -0.119595
109.423    0.0332524
109.519    0.116435
109.615    0.0252854
109.712    -0.104642
109.808    0.112114
109.904    -0.178515
110    -0.130025
110.096    0.0150262
110.192    0.175878
110.288    0.246983
110.385    0.155659
110.481    -0.0919474
110.577    -0.402135
110.673    -0.629574
110.769    -0.642599
110.865    -0.323858
110.962    1.24081
111.058    0.0288049
111.154    0.0906387
111.25    0.102374
111.346    0.05184
111.442    -0.0382383
111.538    -0.119513
111.635    -0.140791
111.731    -0.0724306
111.827    0.080184
111.923    0.28054
112.019    0.479272
112.115    0.578412
112.212    0
112.308    0
112.404    0
112.5    0
112.596    0
112.692    0
112.788    0
112.885    0
112.981    0
113.077    0
113.173    0
113.269    0
113.365    0
113.462    0
113.558    0
113.654    0
113.75    0
113.846    0
113.942    0
114.038    0
114.135    0
114.231    0
114.327    0
114.423    0
114.519    0
114.615    0
114.712    0
114.808    0
114.904    0
115    0
115.096    0
115.192    0
115.288    0
115.385    0
115.481    0
115.577    0
115.673    0
115.769    0
115.865    0
115.962    0
116.058    0
116.154    0
116.25    0
116.346    0
116.442    0
116.538    0
116.635    0
116.731    0
116.827    0
116.923    0
117.019    0
117.115    0
117.212    0
117.308    0
117.404    0
117.5    0
117.596    0
117.692    0
117.788    0
117.885    0
117.981    0
118.077    0
118.173    0
118.269    0
118.365    0
118.462    0
118.558    0
118.654    0
118.75    0
118.846    0
118.942    0
119.038    0
119.135    0
119.231    0
119.327    0
119.423    0
119.519    0
119.615    0
119.712    0
119.808    0
119.904    0
120    0
120.096    0
120.192    0
120.288    0
120.385    0
120.481    0
120.577    0
120.673    0
120.769    0
120.865    0
120.962    0
121.058    0
121.154    0
121.25    0
121.346    0
121.442    0
121.538    0
121.635    0
121.731    0
121.827    0
121.923    0
122.019    0
122.115    0
122.212    0
122.308    0
122.404    0
122.5    0
122.596    0
122.692    0
122.788    0
122.885    0
122.981    0
123.077    0
123.173    0
123.269    0
123.365    0
123.462    0
123.558    0
123.654    0
123.75    0
123.846    0
123.942    0
124.038    0
124.135    0
124.231    0
124.327    0
124.423    0
124.519    0
124.615    0
124.712    0
124.808    0
124.904    0
125    0
