-25    0
-24.9038    0
-24.8077    0
-24.7115    0
-24.6154    0
-24.5192    0
-24.4231    0
-24.3269    0
-24.2308    0
-24.1346    0
-24.0385    0
-23.9423    0
-23.8462    0
-23.75    0
-23.6538    0
-23.5577    0
-23.4615    0
-23.3654    0
-23.2692    0
-23.1731    0
-23.0769    0
-22.9808    0
-22.8846    0
-22.7885    0
-22.6923    0
-22.5962    0
-22.5    0
-22.4038    0
-22.3077    0
-22.2115    0
-22.1154    0
-22.0192    0
-21.9231    0
-21.8269    0
-21.7308    0
-21.6346    0
-21.5385    0
-21.4423    0
-21.3462    0
-21.25    0
-21.1538    0
-21.0577    0
-20.9615    0
-20.8654    0
-20.7692    0
-20.6731    0
-20.5769    0
-20.4808    0
-20.3846    0
-20.2885    0
-20.1923    0
-20.0962    0
-20    0
-19.9038    0
-19.8077    0
-19.7115    0
-19.6154    0
-19.5192    0
-19.4231    0
-19.3269    0
-19.2308    0
-19.1346    0
-19.0385    0
-18.9423    0
-18.8462    0
-18.75    0
-18.6538    0
-18.5577    0
-18.4615    0
-18.3654    0
-18.2692    0
-18.1731    0
-18.0769    0
-17.9808    0
-17.8846    0
-17.7885    0
-17.6923    0
-17.5962    0
-17.5    0
-17.4038    0
-17.3077    0
-17.2115    0
-17.1154    0
-17.0192    0
-16.9231    0
-16.8269    0
-16.7308    0
-16.6346    0
-16.5385    0
-16.4423    0
-16.3462    0
-16.25    0
-16.1538    0
-16.0577    0
-15.9615    0
-15.8654    0
-15.7692    0
-15.6731    0
-15.5769    0
-15.4808    0
-15.3846    0
-15.2885    0
-15.1923    0
-15.0962    0
-15    0
-14.9038    0
-14.8077    0
-14.7115    0
-14.6154    0
-14.5192    0
-14.4231    0
-14.3269    0
-14.2308    0
-14.1346    0
-14.0385    0
-13.9423    0
-13.8462    0
-13.75    0
-13.6538    0
-13.5577    0
-13.4615    0
-13.3654    0
-13.2692    0
-13.1731    0
-13.0769    0
-12.9808    0
-12.8846    0
-12.7885    0
-12.6923    0
-12.5962    0
-12.5    0
-12.4038    0
-12.3077    0
-12.2115    0
-12.1154    0
-12.0192    0
-11.9231    0
-11.8269    0
-11.7308    0
-11.6346    0
-11.5385    0
-11.4423    0
-11.3462    0
-11.25    0
-11.1538    0
-11.0577    0
-10.9615    0
-10.8654    0
-10.7692    0
-10.6731    0
-10.5769    0
-10.4808    0
-10.3846    0
-10.2885    0
-10.1923    0
-10.0962    0
-10    0
-9.90385    0
-9.80769    0
-9.71154    0
-9.61538    0
-9.51923    0
-9.42308    0
-9.32692    0
-9.23077    0
-9.13462    0
-9.03846    0
-8.94231    0
-8.84615    0
-8.75    0
-8.65385    0
-8.55769    0
-8.46154    0
-8.36538    0
-8.26923    0
-8.17308    0
-8.07692    0
-7.98077    0
-7.88462    0
-7.78846    0
-7.69231    0
-7.59615    0
-7.5    0
-7.40385    0
-7.30769    0
-7.21154    0
-7.11538    0
-7.01923    0
-6.92308    0
-6.82692    0
-6.73077    0
-6.63462    0
-6.53846    0
-6.44231    0
-6.34615    0
-6.25    0
-6.15385    0
-6.05769    0
-5.96154    0
-5.86538    0
-5.76923    0
-5.67308    0
-5.57692    0
-5.48077    0
-5.38462    0
-5.28846    0
-5.19231    0
-5.09615    0
-5    0
-4.90385    0
-4.80769    0
-4.71154    0
-4.61538    0
-4.51923    0
-4.42308    0
-4.32692    0
-4.23077    0
-4.13462    0
-4.03846    0
-3.94231    0
-3.84615    0
-3.75    0
-3.65385    0
-3.55769    0
-3.46154    0
-3.36538    0
-3.26923    0
-3.17308    0
-3.07692    0
-2.98077    0
-2.88462    0
-2.78846    0
-2.69231    0
-2.59615    0
-2.5    0
-2.40385    0
-2.30769    0
-2.21154    0
-2.11538    0
-2.01923    0
-1.92308    0
-1.82692    0
-1.73077    0
-1.63462    0
-1.53846    0
-1.44231    0
-1.34615    0
-1.25    0
-1.15385    0
-1.05769    0
-0.961538    0
-0.865385    0
-0.769231    0
-0.673077    0
-0.576923    0
-0.480769    0
-0.384615    0
-0.288462    0
-0.192308    0
-0.0961538    0
3.19744e-14    0
0.0961538    0
0.192308    0
0.288462    0
0.384615    0
0.480769    0
0.576923    0
0.673077    0
0.769231    0
0.865385    0
0.961538    0
1.05769    -0.0222432
1.15385    0.226922
1.25    0.494803
1.34615    0.79657
1.44231    1.02318
1.53846    1.09264
1.63462    0.977205
1.73077    0.70621
1.82692    0.34672
1.92308    -0.0271325
2.01923    -0.361731
2.11538    -0.637426
2.21154    -0.864286
2.30769    -1.0647
2.40385    -1.25259
2.5    -1.41937
2.59615    -1.53307
2.69231    -1.55055
2.78846    -1.43714
2.88462    -0.377704
2.98077    0.02081
3.07692    0.374471
3.17308    0.364982
3.26923    -0.0349671
3.36538    -0.684459
3.46154    -1.32191
3.55769    -1.6679
3.65385    -2.647
3.75    -2.42645
3.84615    -1.83246
3.94231    -1.04625
4.03846    -0.31341
4.13462    1.25894
4.23077    1.58539
4.32692    1.53825
4.42308    1.24007
4.51923    0.932546
4.61538    0.833823
4.71154    1.04882
4.80769    1.52874
4.90385    2.09535
5    2.51779
5.09615    2.6082
5.19231    2.29523
5.28846    1.6463
5.38462    0.83277
5.48077    0.0571461
5.57692    -0.524177
5.67308    -0.850379
5.76923    -0.961015
5.86538    -0.960155
5.96154    -0.960282
6.05769    -1.03145
6.15385    -1.17468
6.25    -1.32535
6.34615    -1.38026
6.44231    -1.23548
6.53846    -0.823044
6.63462    -0.138338
6.73077    0.74609
6.82692    1.54122
6.92308    2.72177
7.01923    2.31535
7.11538    2.75683
7.21154    2.69778
7.30769    2.04806
7.40385    0.862086
7.5    -0.618703
7.59615    -2.02239
7.69231    -2.96734
7.78846    -4.18052
7.88462    -3.46155
7.98077    -1.97288
8.07692    -0.166363
8.17308    1.42203
8.26923    1.91967
8.36538    2.53709
8.46154    2.57617
8.55769    2.20887
8.65385    1.61107
8.75    0.948114
8.84615    0.350066
8.94231    -0.0841676
9.03846    -0.277368
9.13462    -0.181943
9.23077    0.190029
9.32692    0.0103654
9.42308    0.311312
9.51923    0.380216
9.61538    0.0622521
9.71154    -0.673082
9.80769    -1.66708
9.90385    -4.80195
10    -5.34605
10.0962    -4.88213
10.1923    -3.41238
10.2885    -1.31439
10.3846    0.826034
10.4808    2.42938
10.5769    3.13312
10.6731    2.90932
10.7692    2.04139
10.8654    0.975791
10.9615    -1.00792
11.0577    -1.04975
11.1538    -0.439373
11.25    0.451547
11.3462    1.11749
11.4423    1.18574
11.5385    0.600364
11.6346    -0.363474
11.7308    -1.23836
11.8269    -1.58378
11.9231    -1.18068
12.0192    -0.115342
12.1154    1.68315
12.2115    3.08595
12.3077    4.06093
12.4038    4.49536
12.5    2.53687
12.5962    2.47112
12.6923    2.67478
12.7885    3.31029
12.8846    4.19094
12.9808    5.00142
13.0769    5.43629
13.1731    5.31249
13.2692    4.60937
13.3654    3.43295
13.4615    1.94079
13.5577    0.277987
13.6538    -1.44047
13.75    -3.10097
13.8462    -4.5481
13.9423    -5.57022
14.0385    -5.94091
14.1346    -5.50842
14.2308    -4.29234
14.3269    -2.53391
14.4231    -0.662079
14.5192    0.824477
14.6154    1.51852
14.7115    1.24379
14.8077    0.114113
14.9038    -1.51355
15    -3.17252
15.0962    -4.45059
15.1923    -5.11818
15.2885    -5.17214
15.3846    -4.78527
15.4808    -4.19227
15.5769    -3.56715
15.6731    -2.94643
15.7692    -2.22781
15.8654    -1.23909
15.9615    0.158261
16.0577    1.97819
16.1538    4.07057
16.25    6.14695
16.3462    7.85768
16.4423    8.88787
16.5385    9.03644
16.6346    8.25475
16.7308    6.64115
16.8269    4.40526
16.9231    1.82303
17.0192    -0.800579
17.1154    -3.15753
17.2115    -4.95907
17.3077    -5.96739
17.4038    -6.04215
17.5    -5.19354
17.5962    -3.61877
17.6923    -1.69447
17.7885    0.0924594
17.8846    1.26914
17.9808    1.52264
18.0769    0.815152
18.1731    -0.581822
18.2692    -2.15979
18.3654    -3.33726
18.4615    -3.66084
18.5577    -2.96808
18.6538    -1.44618
18.75    0.440687
18.8462    2.12954
18.9423    3.17163
19.0385    3.39323
19.1346    2.9386
19.2308    2.17974
19.3269    1.53606
19.4231    1.28588
19.5192    1.45437
19.6154    1.82542
19.7115    2.06718
19.8077    1.90773
19.9038    1.27517
20    0.335132
20.0962    -0.590272
20.1923    -1.18029
20.2885    -1.27115
20.3846    -0.933017
20.4808    -0.431396
20.5769    -0.0943128
20.6731    -0.152633
20.7692    -0.633479
20.8654    -1.3586
20.9615    -2.04592
21.0577    -2.46029
21.1538    -2.53523
21.25    -2.40319
21.3462    -2.31914
21.4423    -2.51714
21.5385    -3.07339
21.6346    -3.84587
21.7308    -4.52157
21.8269    -4.74808
21.9231    -4.28488
22.0192    -3.10126
22.1154    -1.37668
22.2115    0.59049
22.3077    2.51461
22.4038    4.22594
22.5    5.69478
22.5962    6.97069
22.6923    8.07648
22.7885    8.92152
22.8846    9.28835
22.9808    8.90773
23.0769    7.59
23.1731    5.34902
23.2692    2.45529
23.3654    -0.613703
23.4615    -3.31048
23.5577    -5.18719
23.6538    -6.02945
23.75    -5.90348
23.8462    -5.10454
23.9423    -4.0354
24.0385    -3.06804
24.1346    -2.44073
24.2308    -2.22044
24.3269    -2.32893
24.4231    -2.60722
24.5192    -2.88446
24.6154    -3.02589
24.7115    -2.95162
24.8077    -2.63317
24.9038    -2.08194
25    -1.34063
25.0962    -0.480327
25.1923    0.401309
25.2885    1.1877
25.3846    1.76087
25.4808    2.02727
25.5769    1.9458
25.6731    1.55052
25.7692    0.960672
25.8654    0.372737
25.9615    0.030608
26.0577    0.173354
26.1538    0.966063
26.25    2.42842
26.3462    4.38461
26.4423    6.46091
26.5385    8.14869
26.6346    8.92928
26.7308    8.43027
26.8269    6.56129
26.9231    3.57426
27.0192    0.0142706
27.1154    -3.43298
27.2115    -6.1479
27.3077    -7.76199
27.4038    -8.24927
27.5    -7.88838
27.5962    -7.11264
27.6923    -6.31351
27.7885    -5.68188
27.8846    -5.1539
27.9808    -4.4804
28.0769    -3.383
28.1731    -1.72232
28.2692    0.399235
28.3654    2.64577
28.4615    4.56158
28.5577    5.73843
28.6538    5.96413
28.75    5.29292
28.8462    4.01494
28.9423    2.54484
29.0385    1.27874
29.1346    0.473693
29.2308    0.186767
29.3269    0.283441
29.4231    0.500962
29.5192    0.539964
29.6154    0.157843
29.7115    -0.756119
29.8077    -2.13737
29.9038    -3.74411
30    -5.20271
30.0962    -6.09791
30.1923    -6.09134
30.2885    -5.03531
30.3846    -3.0413
30.4808    -0.469907
30.5769    2.16445
30.6731    4.34658
30.7692    5.71541
30.8654    6.15943
30.9615    5.81397
31.0577    4.9638
31.1538    3.89827
31.25    2.78741
31.3462    1.63745
31.4423    0.343841
31.5385    -1.18907
31.6346    -2.9268
31.7308    -4.6484
31.8269    -5.98962
31.9231    -6.57051
32.0192    -6.15024
32.1154    -4.73855
32.2115    -2.61355
32.3077    -0.239314
32.4038    1.87959
32.5    3.34617
32.5962    3.96742
32.6923    3.77448
32.7885    2.97608
32.8846    1.87723
32.9808    0.79661
33.0769    0.00148239
33.1731    -0.337615
33.2692    -0.177722
33.3654    0.380591
33.4615    1.10345
33.5577    1.67483
33.6538    1.79101
33.75    1.27588
33.8462    0.171455
33.9423    -1.24571
34.0385    -2.5473
34.1346    -3.31507
34.2308    -3.31728
34.3269    -2.61767
34.4231    -1.55794
34.5192    -0.611749
34.6154    -0.172825
34.7115    -0.37733
34.8077    -1.04924
34.9038    -1.79908
35    -2.22868
35.0962    -2.13818
35.1923    -1.6271
35.2885    -1.0342
35.3846    -0.745174
35.4808    -0.968588
35.5769    -1.6013
35.6731    -2.26019
35.7692    -2.47076
35.8654    -1.91824
35.9615    -0.630603
36.0577    1.00612
36.1538    2.41371
36.25    3.0885
36.3462    2.83424
36.4423    1.84295
36.5385    0.583468
36.6346    -0.442578
36.7308    -0.94931
36.8269    -0.990663
36.9231    -0.897739
37.0192    -1.06656
37.1154    -1.71203
37.2115    -2.72081
37.3077    -3.68207
37.4038    -4.08066
37.5    -3.55171
37.5962    -2.06531
37.6923    0.0515428
37.7885    2.26183
37.8846    4.05364
37.9808    5.14144
38.0769    5.53591
38.1731    5.45962
38.2692    5.16928
38.3654    4.79128
38.4615    4.26296
38.5577    3.40738
38.6538    2.09136
38.75    0.369558
38.8462    -1.4741
38.9423    -3.01763
39.0385    -3.87993
39.1346    -3.89331
39.2308    -3.17836
39.3269    -2.08287
39.4231    -1.01887
39.5192    -0.284855
39.6154    0.0361658
39.7115    0.0563687
39.8077    -0.0374843
39.9038    -0.129708
40    -0.260902
40.0962    -0.604204
40.1923    -1.34665
40.2885    -2.54299
40.3846    -4.02499
40.4808    -5.41991
40.5769    -6.27525
40.6731    -6.2332
40.7692    -5.17526
40.8654    -3.27462
40.9615    -0.938916
41.0577    1.32542
41.1538    3.0687
41.25    4.01716
41.3462    4.12559
41.4423    3.56374
41.5385    2.65655
41.6346    1.7999
41.7308    1.36559
41.8269    1.60218
41.9231    2.543
42.0192    3.94505
42.1154    5.29222
42.2115    5.89007
42.3077    5.05187
42.4038    2.33666
42.5    -2.23325
42.5962    -8.05533
42.6923    -13.9868
42.7885    -18.5494
42.8846    -20.2561
42.9808    -17.9811
43.0769    -11.2881
43.1731    -0.647404
43.2692    12.5068
43.3654    25.9016
43.4615    36.7456
43.5577    42.2284
43.6538    40.1498
43.75    29.5629
43.8462    11.2633
43.9423    -12.0701
44.0385    -36.2244
44.1346    -56.3054
44.2308    -67.9281
44.3269    -68.4179
44.4231    -57.6298
44.5192    -38.073
44.6154    -14.2408
44.7115    8.67137
44.8077    26.2426
44.9038    35.9946
45    37.8559
45.0962    33.7903
45.1923    26.7824
45.2885    19.6054
45.3846    13.8625
45.4808    9.64464
45.5769    5.87479
45.6731    1.11772
45.7692    -5.54196
45.8654    -13.9423
45.9615    -22.8224
46.0577    -30.2998
46.1538    -34.5953
46.25    -34.6748
46.3462    -30.5493
46.4423    -23.1569
46.5385    -13.941
46.6346    -4.35571
46.7308    4.48177
46.8269    11.8813
46.9231    17.4533
47.0192    20.9117
47.1154    21.9657
47.2115    20.3851
47.3077    16.2054
47.4038    9.94025
47.5    2.65453
47.5962    -4.1931
47.6923    -9.11261
47.7885    -11.0224
47.8846    -9.5931
47.9808    -5.35643
48.0769    0.465656
48.1731    6.34338
48.2692    10.889
48.3654    13.2153
48.4615    13.0946
48.5577    10.8938
48.6538    7.34735
48.75    3.27187
48.8462    -0.670101
48.9423    -4.09186
49.0385    -6.87844
49.1346    -9.09216
49.2308    -10.8456
49.3269    -12.1967
49.4231    -13.0982
49.5192    -13.409
49.6154    -12.951
49.7115    -11.5871
49.8077    -9.29108
49.9038    -6.19194
50    -2.57805
50.0962    1.138
50.1923    4.48742
50.2885    7.03169
50.3846    8.44916
50.4808    8.60339
50.5769    7.57749
50.6731    5.66546
50.7692    3.3194
50.8654    1.06103
50.9615    -0.625606
51.0577    -1.39687
51.1538    -1.12251
51.25    0.091526
51.3462    1.93934
51.4423    4.00202
51.5385    5.86021
51.6346    7.19698
51.7308    7.85782
51.8269    7.85018
51.9231    7.28856
52.0192    6.31323
52.1154    5.02057
52.2115    3.43591
52.3077    1.53754
52.4038    -0.685136
52.5    -3.1734
52.5962    -5.77446
52.6923    -8.26498
52.7885    -10.4118
52.8846    -12.0389
52.9808    -13.0663
53.0769    -13.5038
53.1731    -13.4064
53.2692    -12.8196
53.3654    -11.7474
53.4615    -10.1588
53.5577    -8.02747
53.6538    -5.3772
53.75    -2.30353
53.8462    1.03998
53.9423    4.48052
54.0385    7.86093
54.1346    11.0447
54.2308    13.8865
54.3269    16.1908
54.4231    17.6982
54.5192    18.1284
54.6154    17.2776
54.7115    15.1308
54.8077    11.9261
54.9038    8.12447
55    4.28069
55.0962    0.864302
55.1923    -1.88547
55.2885    -3.99723
55.3846    -5.67485
55.4808    -7.12151
55.5769    -8.37679
55.6731    -9.26262
55.7692    -9.47992
55.8654    -8.81335
55.9615    -7.33442
56.0577    -5.47967
56.1538    -3.93635
56.25    -3.36627
56.3462    -4.09113
56.4423    -5.89768
56.5385    -8.07513
56.6346    -9.6884
56.7308    -9.97231
56.8269    -8.66417
56.9231    -6.11438
57.0192    -3.11784
57.1154    -0.544966
57.2115    1.0504
57.3077    1.65692
57.4038    1.75982
57.5    2.05357
57.5962    3.06332
57.6923    4.86793
57.7885    7.0609
57.8846    8.96096
57.9808    9.9561
58.0769    9.80006
58.1731    8.71138
58.2692    7.23254
58.3654    5.93412
58.4615    5.12658
58.5577    4.73188
58.6538    4.37586
58.75    3.64076
58.8462    2.33217
58.9423    0.610669
59.0385    -1.08386
59.1346    -2.27128
59.2308    -2.6993
59.3269    -2.49067
59.4231    -2.08568
59.5192    -2.00807
59.6154    -2.57819
59.7115    -3.72622
59.8077    -5.00474
59.9038    -5.79465
60    -5.59804
60.0962    -4.26934
60.1923    -2.07294
60.2885    0.450706
60.3846    2.73023
60.4808    4.38792
60.5769    5.33414
60.6731    5.70067
60.7692    5.67278
60.8654    5.33099
60.9615    4.59947
61.0577    3.32837
61.1538    1.45429
61.25    -0.865621
61.3462    -3.23759
61.4423    -5.15748
61.5385    -6.22091
61.6346    -6.30723
61.7308    -5.63683
61.8269    -4.6664
61.9231    -3.87291
62.0192    -3.53589
62.1154    -3.62817
62.2115    -3.86688
62.3077    -3.89175
62.4038    -3.47205
62.5    -2.63125
62.5962    -1.62618
62.6923    -0.796041
62.7885    -0.36565
62.8846    -0.30874
62.9808    -0.342725
63.0769    -0.0558944
63.1731    0.899414
63.2692    2.64359
63.3654    5.01092
63.4615    7.61234
63.5577    9.9766
63.6538    11.6956
63.75    12.5115
63.8462    12.3255
63.9423    11.1566
64.0385    9.0973
64.1346    6.30619
64.2308    3.03421
64.3269    -0.350016
64.4231    -3.38299
64.5192    -5.59965
64.6154    -6.6747
64.7115    -6.55081
64.8077    -5.48464
64.9038    -3.97344
65    -2.58157
65.0962    -1.7382
65.1923    -1.59567
65.2885    -2.01172
65.3846    -2.65909
65.4808    -3.20483
65.5769    -3.46911
65.6731    -3.48756
65.7692    -3.45305
65.8654    -3.57593
65.9615    -3.94173
66.0577    -4.44341
66.1538    -4.82222
66.25    -4.79249
66.3462    -4.1817
66.4423    -3.01173
66.5385    -1.48123
66.6346    0.136665
66.7308    1.62214
66.8269    2.89168
66.9231    3.99349
67.0192    5.0225
67.1154    6.00796
67.2115    6.84189
67.3077    7.2948
67.4038    7.11717
67.5    6.17732
67.5962    4.56393
67.6923    2.59671
67.7885    0.732858
67.8846    -0.5922
67.9808    -1.11961
68.0769    -0.850664
68.1731    -0.02718
68.2692    0.97511
68.3654    1.78674
68.4615    2.15631
68.5577    1.99371
68.6538    1.3431
68.75    0.318448
68.8462    -0.953566
68.9423    -2.35185
69.0385    -3.74004
69.1346    -4.93446
69.2308    -5.6994
69.3269    -5.79328
69.4231    -5.0586
69.5192    -3.51713
69.6154    -1.41937
69.7115    0.789194
69.8077    2.58688
69.9038    3.54172
70    3.46039
70.0962    2.45873
70.1923    0.921897
70.2885    -0.63236
70.3846    -1.73449
70.4808    -2.11783
70.5769    -1.78986
70.6731    -0.998699
70.7692    -0.116497
70.8654    0.50771
70.9615    0.666297
71.0577    0.341696
71.1538    -0.321972
71.25    -1.09935
71.3462    -1.77425
71.4423    -2.20157
71.5385    -2.32278
71.6346    -2.142
71.7308    -1.68715
71.8269    -0.982997
71.9231    -0.050269
72.0192    1.07319
72.1154    2.30784
72.2115    3.52527
72.3077    4.5689
72.4038    5.29655
72.5    5.62513
72.5962    5.55451
72.6923    5.15761
72.7885    4.54039
72.8846    3.79147
72.9808    2.94664
73.0769    1.98705
73.1731    0.872414
73.2692    -0.406835
73.3654    -1.78528
73.4615    -3.11044
73.5577    -4.17288
73.6538    -4.76944
73.75    -4.77491
73.8462    -4.193
73.9423    -3.16519
74.0385    -1.93286
74.1346    -0.765972
74.2308    0.115873
74.3269    0.602509
74.4231    0.712711
74.5192    0.569372
74.6154    0.341096
74.7115    0.172335
74.8077    0.127895
74.9038    0.172694
75    0.195383
75.0962    0.0684059
75.1923    -0.277858
75.2885    -0.797575
75.3846    -1.31668
75.4808    -1.57838
75.5769    -1.33747
75.6731    -0.470884
75.7692    0.941278
75.8654    2.60486
75.9615    4.08762
76.0577    4.963
76.1538    4.97043
76.25    4.12677
76.3462    2.73744
76.4423    1.29388
76.5385    0.292036
76.6346    0.0426673
76.7308    0.551768
76.8269    1.52219
76.9231    2.47681
77.0192    2.95144
77.1154    2.67595
77.2115    1.66869
77.3077    0.209047
77.4038    -1.29255
77.5    -2.46478
77.5962    -3.11016
77.6923    -3.25157
77.7885    -3.08193
77.8846    -2.85282
77.9808    -2.75992
78.0769    -2.87536
78.1731    -3.14567
78.2692    -3.43881
78.3654    -3.60364
78.4615    -3.50872
78.5577    -3.05088
78.6538    -2.14911
78.75    -0.750845
78.8462    1.13327
78.9423    3.37597
79.0385    5.69577
79.1346    7.67447
79.2308    8.84867
79.3269    8.85522
79.4231    7.57576
79.5192    5.21367
79.6154    2.25913
79.7115    -0.654438
79.8077    -2.94909
79.9038    -4.27538
80    -4.58975
80.0962    -4.11056
80.1923    -3.1834
80.2885    -2.12594
80.3846    -1.12603
80.4808    -0.232913
80.5769    0.570679
80.6731    1.27085
80.7692    1.76506
80.8654    1.88411
80.9615    1.48436
81.0577    0.55721
81.1538    -0.711241
81.25    -1.97433
81.3462    -2.84763
81.4423    -3.06685
81.5385    -2.60495
81.6346    -1.68922
81.7308    -0.706234
81.8269    -0.0363887
81.9231    0.106295
82.0192    -0.243233
82.1154    -0.830786
82.2115    -1.30692
82.3077    -1.38502
82.4038    -0.961524
82.5    -0.148228
82.5962    0.790337
82.6923    1.55923
82.7885    1.95722
82.8846    1.95023
82.9808    1.66847
83.0769    1.33641
83.1731    1.17003
83.2692    1.28437
83.3654    1.64504
83.4615    2.07828
83.5577    2.33318
83.6538    2.1747
83.75    1.47796
83.8462    0.293604
83.9423    -1.13968
84.0385    -2.44697
84.1346    -3.22555
84.2308    -3.18121
84.3269    -2.24667
84.4231    -0.634292
84.5192    1.20789
84.6154    2.73334
84.7115    3.48447
84.8077    3.26044
84.9038    2.19636
85    0.716398
85.0962    -0.624925
85.1923    -1.35052
85.2885    -1.23235
85.3846    -0.357362
85.4808    0.934103
85.5769    2.20193
85.6731    3.07729
85.7692    3.37434
85.8654    3.10134
85.9615    2.38342
86.0577    1.35374
86.1538    0.0807061
86.25    -1.42726
86.3462    -3.14703
86.4423    -4.94811
86.5385    -6.54827
86.6346    -7.55992
86.7308    -7.62014
86.8269    -6.54827
86.9231    -4.45356
87.0192    -1.73461
87.1154    1.0385
87.2115    3.31265
87.3077    4.73054
87.4038    5.22598
87.5    5.00141
87.5962    4.40793
87.6923    3.78887
87.7885    3.35626
87.8846    3.14571
87.9808    3.0529
88.0769    2.91868
88.1731    2.61522
88.2692    2.09721
88.3654    1.4079
88.4615    0.653591
88.5577    -0.0311408
88.6538    -0.512753
88.75    -0.681839
88.8462    -0.477883
88.9423    0.0810912
89.0385    0.874328
89.1346    1.68098
89.2308    2.2276
89.3269    2.27791
89.4231    1.73445
89.5192    0.703103
89.6154    -0.52184
89.7115    -1.56175
89.8077    -2.11103
89.9038    -2.07801
90    -1.63768
90.0962    -1.16096
90.1923    -1.04343
90.2885    -1.50952
90.3846    -2.48582
90.4808    -3.60912
90.5769    -4.37218
90.6731    -4.34298
90.7692    -3.35652
90.8654    -1.58989
90.9615    0.512253
91.0577    2.42345
91.1538    3.74229
91.25    4.32455
91.3462    4.28681
91.4423    3.89361
91.5385    3.39702
91.6346    2.91501
91.7308    2.40733
91.8269    1.75047
91.9231    0.859566
92.0192    -0.218214
92.1154    -1.29483
92.2115    -2.12374
92.3077    -2.52868
92.4038    -2.5078
92.5    -2.25472
92.5962    -2.08111
92.6923    -2.27591
92.7885    -2.9672
92.8846    -4.05037
92.9808    -5.21309
93.0769    -6.04361
93.1731    -6.17468
93.2692    -5.40754
93.3654    -3.77601
93.4615    -1.53984
93.5577    0.879502
93.6538    2.99591
93.75    4.36654
93.8462    4.69493
93.9423    3.91553
94.0385    2.24151
94.1346    0.152283
94.2308    -1.69721
94.3269    -2.64174
94.4231    -2.20924
94.5192    -0.297189
94.6154    2.74979
94.7115    6.20659
94.8077    9.17187
94.9038    10.8455
95    10.7794
95.0962    9.00793
95.1923    6.01012
95.2885    2.52503
95.3846    -0.700868
95.4808    -3.13312
95.5769    -4.55777
95.6731    -5.05653
95.7692    -4.88548
95.8654    -4.32939
95.9615    -3.59999
96.0577    -2.81073
96.1538    -2.01461
96.25    -1.26096
96.3462    -0.625822
96.4423    -0.196317
96.5385    -0.0238396
96.6346    -0.0826796
96.7308    -0.267678
96.8269    -0.439396
96.9231    -0.494469
97.0192    -0.421294
97.1154    -0.307779
97.2115    -0.29448
97.3077    -0.497394
97.4038    -0.941651
97.5    -1.54071
97.5962    -2.1297
97.6923    -2.53178
97.7885    -2.62058
97.8846    -2.34789
97.9808    -1.73005
98.0769    -0.812427
98.1731    0.356621
98.2692    1.72085
98.3654    3.18372
98.4615    4.57627
98.5577    5.65937
98.6538    6.17815
98.75    5.95437
98.8462    4.97437
98.9423    3.4238
99.0385    1.6417
99.1346    0.00609025
99.2308    -1.19961
99.3269    -1.87748
99.4231    -2.12041
99.5192    -2.1317
99.6154    -2.1026
99.7115    -2.11187
99.8077    -2.09843
99.9038    -1.91755
100    -1.44558
100.096    -0.672429
100.192    0.270647
100.288    1.16353
100.385    1.80017
100.481    2.08434
100.577    2.06525
100.673    1.89454
100.769    1.73109
100.865    1.64887
100.962    1.60106
101.058    1.43304
101.154    0.884302
101.25    0.0429747
101.346    -0.941451
101.442    -1.763
101.538    -2.16505
101.635    -2.06909
101.731    -1.61742
101.827    -1.10391
101.923    -0.82506
102.019    -0.925563
102.115    -1.31689
102.212    -1.71175
102.308    -1.75957
102.404    -1.21787
102.5    -0.0774827
102.596    1.41725
102.692    2.86085
102.788    3.84633
102.885    4.04899
102.981    2.81479
103.077    1.87858
103.173    1.06828
103.269    0.666832
103.365    0.721555
103.462    1.0639
103.558    1.42738
103.654    1.82199
103.75    2.9966
103.846    3.06134
103.942    2.9781
104.038    2.8746
104.135    2.62716
104.231    1.61476
104.327    1.62367
104.423    1.75032
104.519    1.89517
104.615    1.95474
104.712    1.84524
104.808    1.51706
104.904    0.963351
105    0.223762
105.096    -0.619433
105.192    -1.45636
105.288    -2.17522
105.385    -2.6913
105.481    -2.9676
105.577    -3.01707
105.673    -2.8852
105.769    -2.62198
105.865    -2.25916
105.962    -1.80585
106.058    -1.26505
106.154    -0.660371
106.25    -0.0541603
106.346    0.458617
106.442    0.78335
106.538    0.871534
106.635    0.75472
106.731    0.544466
106.827    0.210263
106.923    0.172364
107.019    0.126841
107.115    1.11566
107.212    0.867787
107.308    0.505386
107.404    0.0801265
107.5    -0.330162
107.596    -0.647079
107.692    -0.816984
107.788    -0.769685
107.885    0.0838385
107.981    -0.109748
108.077    -0.360747
108.173    -0.526534
108.269    -0.636233
108.365    -0.118557
108.462    -0.108421
108.558    -0.025355
108.654    0.0825304
108.75    0.147223
108.846    0.118806
108.942    -0.00617756
109.038    -0.183724
109.135    -0.351289
109.231    -0.471174
109.327    -0.402788
109.423    0.235976
109.519    0.12549
109.615    -0.266496
109.712    -0.913928
109.808    -1.66345
109.904    -1.94
110    -0.274941
110.096    -0.288964
110.192    -0.124352
110.288    0.148063
110.385    0.380977
110.481    0.420623
110.577    0.188994
110.673    -0.263513
110.769    -0.764752
110.865    -1.08848
110.962    -1.0363
111.058    0.0859205
111.154    0.173858
111.25    0.147691
111.346    0.0256181
111.442    -0.136202
111.538    -0.247789
111.635    -0.229097
111.731    -0.0547647
111.827    0.223095
111.923    0.488269
112.019    0.607574
112.115    0.433536
112.212    -0.369569
112.308    -0.954368
112.404    -1.50147
112.5    -1.67427
112.596    0
112.692    0
112.788    0
112.885    0
112.981    0
113.077    0
113.173    0
113.269    0
113.365    0
113.462    0
113.558    0
113.654    0
113.75    0
113.846    0
113.942    0
114.038    0
114.135    0
114.231    0
114.327    0
114.423    0
114.519    0
114.615    0
114.712    0
114.808    0
114.904    0
115    0
115.096    0
115.192    0
115.288    0
115.385    0
115.481    0
115.577    0
115.673    0
115.769    0
115.865    0
115.962    0
116.058    0
116.154    0
116.25    0
116.346    0
116.442    0
116.538    0
116.635    0
116.731    0
116.827    0
116.923    0
117.019    0
117.115    0
117.212    0
117.308    0
117.404    0
117.5    0
117.596    0
117.692    0
117.788    0
117.885    0
117.981    0
118.077    0
118.173    0
118.269    0
118.365    0
118.462    0
118.558    0
118.654    0
118.75    0
118.846    0
118.942    0
119.038    0
119.135    0
119.231    0
119.327    0
119.423    0
119.519    0
119.615    0
119.712    0
119.808    0
119.904    0
120    0
120.096    0
120.192    0
120.288    0
120.385    0
120.481    0
120.577    0
120.673    0
120.769    0
120.865    0
120.962    0
121.058    0
121.154    0
121.25    0
121.346    0
121.442    0
121.538    0
121.635    0
121.731    0
121.827    0
121.923    0
122.019    0
122.115    0
122.212    0
122.308    0
122.404    0
122.5    0
122.596    0
122.692    0
122.788    0
122.885    0
122.981    0
123.077    0
123.173    0
123.269    0
123.365    0
123.462    0
123.558    0
123.654    0
123.75    0
123.846    0
123.942    0
124.038    0
124.135    0
124.231    0
124.327    0
124.423    0
124.519    0
124.615    0
124.712    0
124.808    0
124.904    0
