-25    0
-24.9038    0
-24.8077    0
-24.7115    0
-24.6154    0
-24.5192    0
-24.4231    0
-24.3269    0
-24.2308    0
-24.1346    0
-24.0385    0
-23.9423    0
-23.8462    0
-23.75    0
-23.6538    0
-23.5577    0
-23.4615    0
-23.3654    0
-23.2692    0
-23.1731    0
-23.0769    0
-22.9808    0
-22.8846    0
-22.7885    0
-22.6923    0
-22.5962    0
-22.5    0
-22.4038    0
-22.3077    0
-22.2115    0
-22.1154    0
-22.0192    0
-21.9231    0
-21.8269    0
-21.7308    0
-21.6346    0
-21.5385    0
-21.4423    0
-21.3462    0
-21.25    0
-21.1538    0
-21.0577    0
-20.9615    0
-20.8654    0
-20.7692    0
-20.6731    0
-20.5769    0
-20.4808    0
-20.3846    0
-20.2885    0
-20.1923    0
-20.0962    0
-20    0
-19.9038    0
-19.8077    0
-19.7115    0
-19.6154    0
-19.5192    0
-19.4231    0
-19.3269    0
-19.2308    0
-19.1346    0
-19.0385    0
-18.9423    0
-18.8462    0
-18.75    0
-18.6538    0
-18.5577    0
-18.4615    0
-18.3654    0
-18.2692    0
-18.1731    0
-18.0769    0
-17.9808    0
-17.8846    0
-17.7885    0
-17.6923    0
-17.5962    0
-17.5    0
-17.4038    0
-17.3077    0
-17.2115    0
-17.1154    0
-17.0192    0
-16.9231    0
-16.8269    0
-16.7308    0
-16.6346    0
-16.5385    0
-16.4423    0
-16.3462    0
-16.25    0
-16.1538    0
-16.0577    0
-15.9615    0
-15.8654    0
-15.7692    0
-15.6731    0
-15.5769    0
-15.4808    0
-15.3846    0
-15.2885    0
-15.1923    0
-15.0962    0
-15    0
-14.9038    0
-14.8077    0
-14.7115    0
-14.6154    0
-14.5192    0
-14.4231    0
-14.3269    0
-14.2308    0
-14.1346    0
-14.0385    0
-13.9423    0
-13.8462    0
-13.75    0
-13.6538    0
-13.5577    0
-13.4615    0
-13.3654    0
-13.2692    0
-13.1731    0
-13.0769    0
-12.9808    0
-12.8846    0
-12.7885    0
-12.6923    0
-12.5962    0
-12.5    0
-12.4038    0
-12.3077    0
-12.2115    0
-12.1154    0
-12.0192    0
-11.9231    0
-11.8269    0
-11.7308    0
-11.6346    0
-11.5385    0
-11.4423    0
-11.3462    0
-11.25    0
-11.1538    0
-11.0577    0
-10.9615    0
-10.8654    0
-10.7692    0
-10.6731    0
-10.5769    0
-10.4808    0
-10.3846    0
-10.2885    0
-10.1923    0
-10.0962    0
-10    0
-9.90385    0
-9.80769    0
-9.71154    0
-9.61538    0
-9.51923    0
-9.42308    0
-9.32692    0
-9.23077    0
-9.13462    0
-9.03846    0
-8.94231    0
-8.84615    0
-8.75    0
-8.65385    0
-8.55769    0
-8.46154    0
-8.36538    0
-8.26923    0
-8.17308    0
-8.07692    0
-7.98077    0
-7.88462    0
-7.78846    0
-7.69231    0
-7.59615    0
-7.5    0
-7.40385    0
-7.30769    0
-7.21154    0
-7.11538    0
-7.01923    0
-6.92308    0
-6.82692    0
-6.73077    0
-6.63462    0
-6.53846    0
-6.44231    0
-6.34615    0
-6.25    0
-6.15385    0
-6.05769    0
-5.96154    0
-5.86538    0
-5.76923    0
-5.67308    0
-5.57692    0
-5.48077    0
-5.38462    0
-5.28846    0
-5.19231    0
-5.09615    0
-5    0
-4.90385    0
-4.80769    0
-4.71154    0
-4.61538    0
-4.51923    0
-4.42308    0
-4.32692    0
-4.23077    0
-4.13462    0
-4.03846    0
-3.94231    0
-3.84615    0
-3.75    0
-3.65385    0
-3.55769    0
-3.46154    0
-3.36538    0
-3.26923    0
-3.17308    0
-3.07692    0
-2.98077    0
-2.88462    0
-2.78846    0
-2.69231    0
-2.59615    0
-2.5    0
-2.40385    0
-2.30769    0
-2.21154    0
-2.11538    0
-2.01923    0
-1.92308    0
-1.82692    0
-1.73077    0
-1.63462    0
-1.53846    0
-1.44231    0
-1.34615    0
-1.25    0
-1.15385    0
-1.05769    0
-0.961538    0
-0.865385    0
-0.769231    0
-0.673077    0
-0.576923    0
-0.480769    0
-0.384615    0
-0.288462    0
-0.192308    0
-0.0961538    0
-7.10543e-15    0
0.0961538    0
0.192308    0
0.288462    0
0.384615    0
0.480769    0
0.576923    0
0.673077    0
0.769231    0
0.865385    0
0.961538    0
1.05769    0
1.15385    0
1.25    0
1.34615    0
1.44231    0
1.53846    0
1.63462    0
1.73077    0
1.82692    0
1.92308    0
2.01923    0
2.11538    0
2.21154    0
2.30769    0
2.40385    0
2.5    0
2.59615    0
2.69231    0
2.78846    0
2.88462    0
2.98077    0
3.07692    0
3.17308    0
3.26923    0
3.36538    0
3.46154    0
3.55769    0
3.65385    0
3.75    0
3.84615    0
3.94231    0
4.03846    0
4.13462    0
4.23077    0
4.32692    0
4.42308    0
4.51923    0
4.61538    0
4.71154    0
4.80769    0
4.90385    0.30923
5    0.0235356
5.09615    -0.376868
5.19231    -0.81308
5.28846    -1.19072
5.38462    -1.44228
5.48077    -1.5401
5.57692    0.341103
5.67308    0.538215
5.76923    1.57742
5.86538    1.74662
5.96154    1.94062
6.05769    2.25372
6.15385    2.74923
6.25    3.36971
6.34615    3.94727
6.44231    3.99139
6.53846    3.51106
6.63462    2.56684
6.73077    1.23255
6.82692    -0.216341
6.92308    -1.50263
7.01923    -2.75839
7.11538    -3.56468
7.21154    -4.19015
7.30769    -4.79761
7.40385    -5.4645
7.5    -5.66304
7.59615    -4.64542
7.69231    -4.94579
7.78846    -4.77319
7.88462    -3.90053
7.98077    -2.30364
8.07692    -0.250884
8.17308    1.77661
8.26923    3.26277
8.36538    4.1178
8.46154    3.44992
8.55769    1.96179
8.65385    0.0556882
8.75    -1.78142
8.84615    -3.22019
8.94231    -4.17038
9.03846    -4.73903
9.13462    -5.10254
9.23077    -5.36916
9.32692    -5.50595
9.42308    -5.8558
9.51923    -5.00653
9.61538    -3.59331
9.71154    -1.73898
9.80769    0.194127
9.90385    1.82363
10    2.90268
10.0962    3.40888
10.1923    3.52432
10.2885    2.72694
10.3846    3.5358
10.4808    4.49197
10.5769    5.36416
10.6731    5.78249
10.7692    5.51584
10.8654    4.60602
10.9615    3.36524
11.0577    2.65267
11.1538    2.03784
11.25    2.04236
11.3462    2.48234
11.4423    2.97776
11.5385    3.10462
11.6346    2.58667
11.7308    1.41192
11.8269    -0.172515
11.9231    -1.52678
12.0192    -4.99289
12.1154    -5.83583
12.2115    -5.71804
12.3077    -5.91479
12.4038    -3.71576
12.5    -0.708949
12.5962    2.85792
12.6923    6.39482
12.7885    9.18151
12.8846    10.5212
12.9808    9.94717
13.0769    7.40813
13.1731    3.34391
13.2692    -1.40034
13.3654    -5.80984
13.4615    -9.00466
13.5577    -10.4972
13.6538    -10.303
13.75    -8.86836
13.8462    -6.85415
13.9423    -4.87645
14.0385    -3.30982
14.1346    -2.22294
14.2308    -1.44767
14.3269    -0.724414
14.4231    0.157729
14.5192    1.28726
14.6154    2.63731
14.7115    4.1207
14.8077    5.64038
14.9038    7.09737
15    8.35661
15.0962    9.20693
15.1923    9.36296
15.2885    8.53531
15.3846    6.55325
15.4808    3.48599
15.5769    -0.302921
15.6731    -4.20933
15.7692    -7.54278
15.8654    -9.72537
15.9615    -10.456
16.0577    -9.77539
16.1538    -8.01193
16.25    -5.64126
16.3462    -3.12606
16.4423    -0.803126
16.5385    1.14709
16.6346    2.65815
16.7308    3.70668
16.8269    4.26368
16.9231    4.29764
17.0192    3.82203
17.1154    2.9502
17.2115    1.91328
17.3077    1.01634
17.4038    0.542297
17.5    0.64417
17.5962    1.27671
17.6923    2.20287
17.7885    3.07706
17.8846    3.57205
17.9808    3.49704
18.0769    2.85896
18.1731    1.84504
18.2692    0.737998
18.3654    -0.19815
18.4615    -0.815081
18.5577    -1.12475
18.6538    -1.27972
18.75    -1.50239
18.8462    -1.99293
18.9423    -2.84887
19.0385    -4.02173
19.1346    -5.32157
19.2308    -6.46566
19.3269    -7.15657
19.4231    -7.16798
19.5192    -6.41538
19.6154    -4.99129
19.7115    -3.15234
19.8077    -1.25742
19.9038    0.329022
20    1.34167
20.0962    1.6932
20.1923    1.49859
20.2885    1.03235
20.3846    0.629546
20.4808    0.563846
20.5769    0.946886
20.6731    1.68801
20.7692    2.53165
20.8654    3.15961
20.9615    3.31915
21.0577    2.92621
21.1538    2.10246
21.25    1.13132
21.3462    0.351785
21.4423    0.0345634
21.5385    0.291842
21.6346    1.05615
21.7308    2.13216
21.8269    3.29174
21.9231    4.36333
22.0192    5.27087
22.1154    6.00469
22.2115    6.54406
22.3077    6.78048
22.4038    6.49611
22.5    5.42781
22.5962    3.403
22.6923    0.489601
22.7885    -2.91863
22.8846    -6.14344
22.9808    -8.40181
23.0769    -9.07096
23.1731    -7.93705
23.2692    -5.3185
23.3654    -1.99753
23.4615    1.02974
23.5577    2.89474
23.6538    3.15527
23.75    1.92962
23.8462    -0.188402
23.9423    -2.39479
24.0385    -4.0043
24.1346    -4.70045
24.2308    -4.60274
24.3269    -4.13264
24.4231    -3.75294
24.5192    -3.71137
24.6154    -3.91276
24.7115    -3.97837
24.8077    -3.45882
24.9038    -2.09245
25    0.0196808
25.0962    2.40912
25.1923    4.4097
25.2885    5.42293
25.3846    5.15768
25.4808    3.7391
25.5769    1.64643
25.6731    -0.480562
25.7692    -2.07195
25.8654    -2.79393
25.9615    -2.59229
26.0577    -1.61999
26.1538    -0.108909
26.25    1.73744
26.3462    3.77977
26.4423    5.90611
26.5385    7.96503
26.6346    9.72628
26.7308    10.9052
26.8269    11.2454
26.9231    10.6159
27.0192    9.06944
27.1154    6.82637
27.2115    4.19315
27.3077    1.4568
27.4038    -1.18939
27.5    -3.65454
27.5962    -5.89719
27.6923    -7.85037
27.7885    -9.37581
27.8846    -10.2804
27.9808    -10.3898
28.0769    -9.63978
28.1731    -8.13306
28.2692    -6.12733
28.3654    -3.95796
28.4615    -1.93371
28.5577    -0.258214
28.6538    0.986747
28.75    1.79615
28.8462    2.1708
28.9423    2.0708
29.0385    1.42786
29.1346    0.214128
29.2308    -1.47244
29.3269    -3.36183
29.4231    -5.04512
29.5192    -6.0872
29.6154    -6.17611
29.7115    -5.24254
29.8077    -3.4927
29.9038    -1.33604
30    0.762519
30.0962    2.44239
30.1923    3.55243
30.2885    4.162
30.3846    4.48285
30.4808    4.74471
30.5769    5.08328
30.6731    5.48675
30.7692    5.81587
30.8654    5.8793
30.9615    5.52567
31.0577    4.7134
31.1538    3.53504
31.25    2.19394
31.3462    0.947432
31.4423    0.0376681
31.5385    -0.370732
31.6346    -0.232143
31.7308    0.368175
31.8269    1.2357
31.9231    2.11932
32.0192    2.78299
32.1154    3.07452
32.2115    2.96466
32.3077    2.53688
32.4038    1.92733
32.5    1.23929
32.5962    0.474327
32.6923    -0.479323
32.7885    -1.78451
32.8846    -3.54053
32.9808    -5.67059
33.0769    -7.87469
33.1731    -9.68773
33.2692    -10.6334
33.3654    -10.4139
33.4615    -9.04851
33.5577    -6.8905
33.6538    -4.5019
33.75    -2.43554
33.8462    -1.01925
33.9423    -0.241965
34.0385    0.203999
34.1346    0.743685
34.2308    1.68863
34.3269    3.06581
34.4231    4.58951
34.5192    5.79005
34.6154    6.23719
34.7115    5.75028
34.8077    4.49453
34.9038    2.91881
35    1.56672
35.0962    0.851618
35.1923    0.899455
35.2885    1.52608
35.3846    2.34868
35.4808    2.96849
35.5769    3.13386
35.6731    2.81134
35.7692    2.14416
35.8654    1.33491
35.9615    0.522752
36.0577    -0.279065
36.1538    -1.15725
36.25    -2.20476
36.3462    -3.41401
36.4423    -4.61638
36.5385    -5.50165
36.6346    -5.71212
36.7308    -4.97251
36.8269    -3.20408
36.9231    -0.581796
37.0192    2.48228
37.1154    5.42093
37.2115    7.63425
37.3077    8.62335
37.4038    8.10839
37.5    6.10768
37.5962    2.95788
37.6923    -0.739088
37.7885    -4.24358
37.8846    -6.85934
37.9808    -8.12234
38.0769    -7.93605
38.1731    -6.59873
38.2692    -4.7001
38.3654    -2.91414
38.4615    -1.75994
38.5577    -1.42256
38.6538    -1.70716
38.75    -2.1473
38.8462    -2.22314
38.9423    -1.59728
39.0385    -0.267406
39.1346    1.42922
39.2308    2.95865
39.3269    3.81548
39.4231    3.73083
39.5192    2.77393
39.6154    1.30859
39.7115    -0.169111
39.8077    -1.23491
39.9038    -1.6917
40    -1.61301
40.0962    -1.26483
40.1923    -0.950312
40.2885    -0.852394
40.3846    -0.945104
40.4808    -1.00972
40.5769    -0.744282
40.6731    0.0842677
40.7692    1.5117
40.8654    3.32593
40.9615    5.11569
41.0577    6.40096
41.1538    6.79713
41.25    6.15341
41.3462    4.61518
41.4423    2.58649
41.5385    0.603589
41.6346    -0.838591
41.7308    -1.44752
41.8269    -1.22437
41.9231    -0.451594
42.0192    0.42022
42.1154    0.944882
42.2115    0.846946
42.3077    0.116877
42.4038    -1.00235
42.5    -2.13
42.5962    -2.91319
42.6923    -3.17089
42.7885    -2.95342
42.8846    -2.4936
42.9808    -2.0761
43.0769    -1.88977
43.1731    -1.9351
43.2692    -2.03139
43.3654    -1.91861
43.4615    -1.40197
43.5577    -0.46623
43.6538    0.697428
43.75    1.7652
43.8462    2.41823
43.9423    2.4767
44.0385    1.96761
44.1346    1.09909
44.2308    0.161722
44.3269    -0.588522
44.4231    -1.00787
44.5192    -1.07289
44.6154    -0.830598
44.7115    -0.333915
44.8077    0.390803
44.9038    1.32262
45    2.38873
45.0962    3.41669
45.1923    4.14185
45.2885    4.28532
45.3846    3.67418
45.4808    2.34396
45.5769    0.563591
45.6731    -1.24215
45.7692    -2.64554
45.8654    -3.37512
45.9615    -3.40527
46.0577    -2.93286
46.1538    -2.255
46.25    -1.61292
46.3462    -1.08471
46.4423    -0.582963
46.5385    0.0438499
46.6346    0.865319
46.7308    1.76408
46.8269    2.43824
46.9231    2.52121
47.0192    1.76468
47.1154    0.193048
47.2115    -1.85314
47.3077    -3.81479
47.4038    -5.11378
47.5    -5.36537
47.5962    -4.50816
47.6923    -2.79759
47.7885    -0.674535
47.8846    1.42131
47.9808    3.2035
48.0769    4.59085
48.1731    5.6494
48.2692    6.46947
48.3654    7.05156
48.4615    7.26265
48.5577    6.8829
48.6538    5.71426
48.75    3.69386
48.8462    0.957991
48.9423    -2.16793
49.0385    -5.24104
49.1346    -7.79843
49.2308    -9.44447
49.3269    -9.91089
49.4231    -9.09377
49.5192    -7.08006
49.6154    -4.16603
49.7115    -0.850816
49.8077    2.22292
49.9038    4.39831
50    5.18687
50.0962    4.44753
50.1923    2.48306
50.2885    -0.0099294
50.3846    -2.1482
50.4808    -3.16591
50.5769    -2.70121
50.6731    -0.943514
50.7692    1.43134
50.8654    3.52287
50.9615    4.56235
51.0577    4.21533
51.1538    2.70178
51.25    0.683395
51.3462    -1.03021
51.4423    -1.826
51.5385    -1.53276
51.6346    -0.465524
51.7308    0.74037
51.8269    1.42187
51.9231    1.17305
52.0192    -0.000362538
52.1154    -1.7129
52.2115    -3.38771
52.3077    -4.50519
52.4038    -4.79882
52.5    -4.32079
52.5962    -3.36587
52.6923    -2.3066
52.7885    -1.42468
52.8846    -0.813677
52.9808    -0.385566
53.0769    0.0378332
53.1731    0.602224
53.2692    1.32688
53.3654    2.07785
53.4615    2.61277
53.5577    2.67239
53.6538    2.08016
53.75    0.81478
53.8462    -0.96479
53.9423    -2.94675
54.0385    -4.73815
54.1346    -5.96467
54.2308    -6.37555
54.3269    -5.92564
54.4231    -4.80503
54.5192    -3.3953
54.6154    -2.15178
54.7115    -1.44117
54.8077    -1.3899
54.9038    -1.8081
55    -2.23435
55.0962    -2.1022
55.1923    -0.975472
55.2885    1.2396
55.3846    4.19948
55.4808    7.19943
55.5769    9.40503
55.6731    10.1549
55.7692    9.21388
55.8654    6.87104
55.9615    3.83867
56.0577    0.991548
56.1538    -0.947918
56.25    -1.65239
56.3462    -1.2682
56.4423    -0.310347
56.5385    0.568684
56.6346    0.832482
56.7308    0.235222
56.8269    -1.13807
56.9231    -2.95612
57.0192    -4.79088
57.1154    -6.25681
57.2115    -7.08867
57.3077    -7.14992
57.4038    -6.40291
57.5    -4.88361
57.5962    -2.70671
57.6923    -0.0930939
57.7885    2.61467
57.8846    4.98531
57.9808    6.59159
58.0769    7.13576
58.1731    6.55336
58.2692    5.04139
58.3654    2.98939
58.4615    0.839058
58.5577    -1.06408
58.6538    -2.55779
58.75    -3.65076
58.8462    -4.42497
58.9423    -4.91339
59.0385    -5.02813
59.1346    -4.58704
59.2308    -3.4315
59.3269    -1.57319
59.4231    0.715884
59.5192    2.93393
59.6154    4.50514
59.7115    4.99888
59.8077    4.31121
59.9038    2.71836
60    0.768892
60.0962    -0.941706
60.1923    -2.01183
60.2885    -2.37808
60.3846    -2.29631
60.4808    -2.17139
60.5769    -2.32114
60.6731    -2.79228
60.7692    -3.32038
60.8654    -3.45533
60.9615    -2.7924
61.0577    -1.19699
61.1538    1.08655
61.25    3.49649
61.3462    5.36039
61.4423    6.15468
61.5385    5.70375
61.6346    4.23595
61.7308    2.28169
61.8269    0.467779
61.9231    -0.698593
62.0192    -0.969693
62.1154    -0.379843
62.2115    0.832549
62.3077    2.34557
62.4038    3.8529
62.5    5.10473
62.5962    5.8961
62.6923    6.04066
62.7885    5.37255
62.8846    3.79542
62.9808    1.36043
63.0769    -1.67336
63.1731    -4.84465
63.2692    -7.58315
63.3654    -9.36899
63.4615    -9.89975
63.5577    -9.19578
63.6538    -7.59541
63.75    -5.63685
63.8462    -3.87097
63.9423    -2.67813
64.0385    -2.15931
64.1346    -2.13913
64.2308    -2.27181
64.3269    -2.20034
64.4231    -1.70181
64.5192    -0.763313
64.6154    0.434491
64.7115    1.60981
64.8077    2.5033
64.9038    2.97977
65    3.06929
65.0962    2.93642
65.1923    2.7961
65.2885    2.81422
65.3846    3.03418
65.4808    3.3581
65.5769    3.58847
65.6731    3.51254
65.7692    2.99544
65.8654    2.04548
65.9615    0.825832
66.0577    -0.3925
66.1538    -1.31898
66.25    -1.73994
66.3462    -1.58665
66.4423    -0.950263
66.5385    -0.0396222
66.6346    0.898901
66.7308    1.66615
66.8269    2.16559
66.9231    2.40962
67.0192    2.47944
67.1154    2.46102
67.2115    2.38924
67.3077    2.22616
67.4038    1.88196
67.5    1.26654
67.5962    0.346152
67.6923    -0.82126
67.7885    -2.08689
67.8846    -3.24563
67.9808    -4.08817
68.0769    -4.45021
68.1731    -4.24434
68.2692    -3.47139
68.3654    -2.21731
68.4615    -0.643375
68.5577    1.02732
68.6538    2.53128
68.75    3.60084
68.8462    4.01644
68.9423    3.6648
69.0385    2.58255
69.1346    0.963276
69.2308    -0.882857
69.3269    -2.60825
69.4231    -3.91818
69.5192    -4.63792
69.6154    -4.7318
69.7115    -4.27277
69.8077    -3.38528
69.9038    -2.19679
70    -0.825722
70.0962    0.590946
70.1923    1.85568
70.2885    2.69492
70.3846    2.80256
70.4808    1.94455
70.5769    0.0875405
70.6731    -2.51026
70.7692    -5.30417
70.8654    -7.58641
70.9615    -8.69651
71.0577    -8.24239
71.1538    -6.24131
71.25    -3.11742
71.3462    0.448867
71.4423    3.75993
71.5385    6.32977
71.6346    8.00822
71.7308    8.95416
71.8269    9.48028
71.9231    9.85004
72.0192    10.1269
72.1154    10.1475
72.2115    9.62953
72.3077    8.35556
72.4038    6.33996
72.5    3.88862
72.5962    1.51457
72.6923    -0.260144
72.7885    -1.12951
72.8846    -1.15304
72.9808    -0.757135
73.0769    -0.57974
73.1731    -1.21698
73.2692    -2.97334
73.3654    -5.71622
73.4615    -8.89353
73.5577    -11.7083
73.6538    -13.3837
73.75    -13.4212
73.8462    -11.7591
73.9423    -8.78343
74.0385    -5.19419
74.1346    -1.78271
74.2308    0.800162
74.3269    2.21
74.4231    2.46303
74.5192    1.87473
74.6154    0.916635
74.7115    0.0475494
74.8077    -0.423218
74.9038    -0.400644
75    0.0147234
75.0962    0.611072
75.1923    1.17688
75.2885    1.59569
75.3846    1.89003
75.4808    2.2017
75.5769    2.72001
75.6731    3.58859
75.7692    4.82775
75.8654    6.3019
75.9615    7.74307
76.0577    8.82028
76.1538    9.22879
76.25    8.76825
76.3462    7.38691
76.4423    5.18409
76.5385    2.3792
76.6346    -0.734781
76.7308    -3.83578
76.8269    -6.60532
76.9231    -8.7507
77.0192    -10.0249
77.1154    -10.253
77.2115    -9.36575
77.3077    -7.43348
77.4038    -4.68388
77.5    -1.49021
77.5962    1.67701
77.6923    4.32894
77.7885    6.05056
77.8846    6.58285
77.9808    5.87447
78.0769    4.09058
78.1731    1.57894
78.2692    -1.19734
78.3654    -3.74453
78.4615    -5.62423
78.5577    -6.52642
78.6538    -6.31918
78.75    -5.0683
78.8462    -3.02294
78.9423    -0.567912
79.0385    1.8513
79.1346    3.8178
79.2308    5.02795
79.3269    5.35042
79.4231    4.84287
79.5192    3.72023
79.6154    2.28288
79.7115    0.826788
79.8077    -0.435356
79.9038    -1.41576
80    -2.1428
80.0962    -2.70747
80.1923    -3.18837
80.2885    -3.58786
80.3846    -3.80842
80.4808    -3.68231
80.5769    -3.04507
80.6731    -1.8236
80.7692    -0.100513
80.8654    1.87596
80.9615    3.74662
81.0577    5.14397
81.1538    5.80541
81.25    5.65367
81.3462    4.81348
81.4423    3.5591
81.5385    2.2156
81.6346    1.05453
81.7308    0.225009
81.8269    -0.257007
81.9231    -0.465556
82.0192    -0.495657
82.1154    -0.405584
82.2115    -0.198112
82.3077    0.154159
82.4038    0.658312
82.5    1.25733
82.5962    1.82053
82.6923    2.17646
82.7885    2.17333
82.8846    1.73662
82.9808    0.895374
83.0769    -0.234566
83.1731    -1.49892
83.2692    -2.75718
83.3654    -3.91051
83.4615    -4.89345
83.5577    -5.64045
83.6538    -6.05569
83.75    -6.01456
83.8462    -5.40736
83.9423    -4.20881
84.0385    -2.53621
84.1346    -0.657063
84.2308    1.07242
84.3269    2.32274
84.4231    2.9149
84.5192    2.89627
84.6154    2.52912
84.7115    2.18959
84.8077    2.21584
84.9038    2.76885
85    3.76491
85.0962    4.90848
85.1923    5.80956
85.2885    6.13473
85.3846    5.72885
85.4808    4.66113
85.5769    3.18516
85.6731    1.63859
85.7692    0.329565
85.8654    -0.545645
85.9615    -0.931006
86.0577    -0.889733
86.1538    -0.557938
86.25    -0.0998652
86.3462    0.319936
86.4423    0.548781
86.5385    0.454686
86.6346    -0.056516
86.7308    -1.01449
86.8269    -2.35902
86.9231    -3.93204
87.0192    -5.4978
87.1154    -6.78868
87.2115    -7.56167
87.3077    -7.64582
87.4038    -6.96724
87.5    -5.55059
87.5962    -3.50733
87.6923    -1.02293
87.7885    1.6521
87.8846    4.21413
87.9808    6.33503
88.0769    7.71627
88.1731    8.16197
88.2692    7.64648
88.3654    6.3434
88.4615    4.59184
88.5577    2.80051
88.6538    1.32021
88.75    0.33496
88.8462    -0.181412
88.9423    -0.422988
89.0385    -0.642183
89.1346    -1.02347
89.2308    -1.59947
89.3269    -2.24836
89.4231    -2.77122
89.5192    -3.00855
89.6154    -2.9346
89.7115    -2.67948
89.8077    -2.4652
89.9038    -2.48541
90    -2.78842
90.0962    -3.22295
90.1923    -3.47717
90.2885    -3.19824
90.3846    -2.14181
90.4808    -0.288684
90.5769    2.11896
90.6731    4.63349
90.7692    6.72436
90.8654    7.91973
90.9615    7.92033
91.0577    6.65826
91.1538    4.29803
91.25    1.19517
91.3462    -2.16901
91.4423    -5.26446
91.5385    -7.59763
91.6346    -8.80147
91.7308    -8.7185
91.8269    -7.4528
91.9231    -5.36344
92.0192    -2.9835
92.1154    -0.876083
92.2115    0.531144
92.3077    1.07283
92.4038    0.88164
92.5    0.313094
92.5962    -0.213856
92.6923    -0.395135
92.7885    -0.162172
92.8846    0.308373
92.9808    0.699817
93.0769    0.726816
93.1731    0.2925
93.2692    -0.443698
93.3654    -1.12204
93.4615    -1.33935
93.5577    -0.83605
93.6538    0.37246
93.75    1.98213
93.8462    3.51314
93.9423    4.50133
94.0385    4.6852
94.1346    4.10745
94.2308    3.08866
94.3269    2.08699
94.4231    1.50618
94.5192    1.53446
94.6154    2.08016
94.7115    2.82546
94.8077    3.36875
94.9038    3.39044
95    2.77204
95.0962    1.62352
95.1923    0.216846
95.2885    -1.13642
95.3846    -2.2057
95.4808    -2.90957
95.5769    -3.31008
95.6731    -3.54729
95.7692    -3.75397
95.8654    -3.99383
95.9615    -4.24992
96.0577    -4.4605
96.1538    -4.57472
96.25    -4.59163
96.3462    -4.55736
96.4423    -4.52079
96.5385    -4.47353
96.6346    -4.31246
96.7308    -3.85425
96.8269    -2.90582
96.9231    -1.36417
97.0192    0.700628
97.1154    3.02334
97.2115    5.20205
97.3077    6.82077
97.4038    7.58887
97.5    7.43965
97.5962    6.54581
97.6923    5.24508
97.7885    3.90791
97.8846    2.80335
97.9808    2.01833
98.0769    1.45932
98.1731    0.928299
98.2692    0.233011
98.3654    -0.719358
98.4615    -1.88286
98.5577    -3.09647
98.6538    -4.1496
98.75    -4.85275
98.8462    -5.08163
98.9423    -4.78357
99.0385    -3.95858
99.1346    -2.64018
99.2308    -0.896211
99.3269    1.14849
99.4231    3.2861
99.5192    5.22447
99.6154    6.62969
99.7115    7.20928
99.8077    6.80735
99.9038    5.47075
100    3.45237
100.096    1.14364
100.192    -1.04056
100.288    -2.77945
100.385    -3.92039
100.481    -4.48405
100.577    -4.60639
100.673    -4.45056
100.769    -4.13139
100.865    -3.68436
100.962    -3.08558
101.058    -2.30411
101.154    -1.35436
101.25    -0.320644
101.346    0.656817
101.442    1.42415
101.538    1.86189
101.635    1.91705
101.731    1.60939
101.827    1.01673
101.923    0.252755
102.019    -0.550291
102.115    -1.25066
102.212    -1.70436
102.308    -1.78047
102.404    -1.38926
102.5    -0.517088
102.596    0.747294
102.692    2.21186
102.788    3.61424
102.885    4.68279
102.981    5.20696
103.077    5.09319
103.173    4.38805
103.269    3.26286
103.365    1.9676
103.462    0.770629
103.558    -0.099107
103.654    -0.495206
103.75    -0.377424
103.846    0.184739
103.942    1.02726
104.038    1.92405
104.135    2.63317
104.231    2.94905
104.327    2.74864
104.423    2.01801
104.519    0.850958
104.615    -0.578703
104.712    -2.0594
104.808    -3.38209
104.904    -4.264
105    -4.89373
105.096    -4.4197
105.192    -3.29141
105.288    -1.64446
105.385    0.302917
105.481    2.2566
105.577    3.75799
105.673    3.00369
105.769    3.19186
105.865    1.92275
105.962    0.951952
106.058    -0.214956
106.154    -1.23873
106.25    -1.83658
106.346    -1.90703
106.442    -1.53772
106.538    -0.533673
106.635    -0.0506599
106.731    -0.0571849
106.827    -0.592656
106.923    -1.41834
107.019    -2.03982
107.115    -1.8002
107.212    -1.02739
107.308    0.392976
107.404    2.08273
107.5    3.53746
107.596    4.06677
107.692    3.12396
107.788    3.32509
107.885    3.23992
107.981    2.90538
108.077    2.32791
108.173    1.49169
108.269    0.401433
108.365    -0.791561
108.462    -2.13639
108.558    -2.87181
108.654    -3.15574
108.75    -2.98152
108.846    -2.4671
108.942    -1.81028
109.038    -1.20817
109.135    -0.778528
109.231    -0.522059
109.327    -0.34555
109.423    -0.185311
109.519    0.395432
109.615    0.412264
109.712    0.28802
109.808    -0.0126069
109.904    -0.465345
110    -0.960191
110.096    -1.32175
110.192    -1.37483
110.288    -1.09716
110.385    -0.249139
110.481    -0.0988049
110.577    0.0701921
110.673    0.193598
110.769    0.238842
110.865    0.216551
110.962    0.173159
111.058    0.151804
111.154    -0.201141
111.25    -0.0774587
111.346    0.0980526
111.442    0.249694
111.538    0.298903
111.635    0.180815
111.731    -0.144621
111.827    -0.682649
111.923    -1.35397
112.019    -1.95737
112.115    -0.59898
112.212    -0.965605
112.308    -1.10116
112.404    0
112.5    0
112.596    0
112.692    0
112.788    0
112.885    0
112.981    0
113.077    0
113.173    0
113.269    0
113.365    0
113.462    0
113.558    0
113.654    0
113.75    0
113.846    0
113.942    0
114.038    0
114.135    0
114.231    0
114.327    0
114.423    0
114.519    0
114.615    0
114.712    0
114.808    0
114.904    0
115    0
115.096    0
115.192    0
115.288    0
115.385    0
115.481    0
115.577    0
115.673    0
115.769    0
115.865    0
115.962    0
116.058    0
116.154    0
116.25    0
116.346    0
116.442    0
116.538    0
116.635    0
116.731    0
116.827    0
116.923    0
117.019    0
117.115    0
117.212    0
117.308    0
117.404    0
117.5    0
117.596    0
117.692    0
117.788    0
117.885    0
117.981    0
118.077    0
118.173    0
118.269    0
118.365    0
118.462    0
118.558    0
118.654    0
118.75    0
118.846    0
118.942    0
119.038    0
119.135    0
119.231    0
119.327    0
119.423    0
119.519    0
119.615    0
119.712    0
119.808    0
119.904    0
120    0
120.096    0
120.192    0
120.288    0
120.385    0
120.481    0
120.577    0
120.673    0
120.769    0
120.865    0
120.962    0
121.058    0
121.154    0
121.25    0
121.346    0
121.442    0
121.538    0
121.635    0
121.731    0
121.827    0
121.923    0
122.019    0
122.115    0
122.212    0
122.308    0
122.404    0
122.5    0
122.596    0
122.692    0
122.788    0
122.885    0
122.981    0
123.077    0
123.173    0
123.269    0
123.365    0
123.462    0
123.558    0
123.654    0
123.75    0
123.846    0
123.942    0
124.038    0
124.135    0
124.231    0
124.327    0
124.423    0
124.519    0
124.615    0
124.712    0
124.808    0
124.904    0
125    0
