-25    0
-24.9038    0
-24.8077    0
-24.7115    0
-24.6154    0
-24.5192    0
-24.4231    0
-24.3269    0
-24.2308    0
-24.1346    0
-24.0385    0
-23.9423    0
-23.8462    0
-23.75    0
-23.6538    0
-23.5577    0
-23.4615    0
-23.3654    0
-23.2692    0
-23.1731    0
-23.0769    0
-22.9808    0
-22.8846    0
-22.7885    0
-22.6923    0
-22.5962    0
-22.5    0
-22.4038    0
-22.3077    0
-22.2115    0
-22.1154    0
-22.0192    0
-21.9231    0
-21.8269    0
-21.7308    0
-21.6346    0
-21.5385    0
-21.4423    0
-21.3462    0
-21.25    0
-21.1538    0
-21.0577    0
-20.9615    0
-20.8654    0
-20.7692    0
-20.6731    0
-20.5769    0
-20.4808    0
-20.3846    0
-20.2885    0
-20.1923    0
-20.0962    0
-20    0
-19.9038    0
-19.8077    0
-19.7115    0
-19.6154    0
-19.5192    0
-19.4231    0
-19.3269    0
-19.2308    0
-19.1346    0
-19.0385    0
-18.9423    0
-18.8462    0
-18.75    0
-18.6538    0
-18.5577    0
-18.4615    0
-18.3654    0
-18.2692    0
-18.1731    0
-18.0769    0
-17.9808    0
-17.8846    0
-17.7885    0
-17.6923    0
-17.5962    0
-17.5    0
-17.4038    0
-17.3077    0
-17.2115    0
-17.1154    0
-17.0192    0
-16.9231    0
-16.8269    0
-16.7308    0
-16.6346    0
-16.5385    0
-16.4423    0
-16.3462    0
-16.25    0
-16.1538    0
-16.0577    0
-15.9615    0
-15.8654    0
-15.7692    0
-15.6731    0
-15.5769    0
-15.4808    0
-15.3846    0
-15.2885    0
-15.1923    0
-15.0962    0
-15    0
-14.9038    0
-14.8077    0
-14.7115    0
-14.6154    0
-14.5192    0
-14.4231    0
-14.3269    0
-14.2308    0
-14.1346    0
-14.0385    0
-13.9423    0
-13.8462    0
-13.75    0
-13.6538    0
-13.5577    0
-13.4615    0
-13.3654    0
-13.2692    0
-13.1731    0
-13.0769    0
-12.9808    0
-12.8846    0
-12.7885    0
-12.6923    0
-12.5962    0
-12.5    0
-12.4038    0
-12.3077    0
-12.2115    0
-12.1154    0
-12.0192    0
-11.9231    0
-11.8269    0
-11.7308    0
-11.6346    0
-11.5385    0
-11.4423    0
-11.3462    0
-11.25    0
-11.1538    0
-11.0577    0
-10.9615    0
-10.8654    0
-10.7692    0
-10.6731    0
-10.5769    0
-10.4808    0
-10.3846    0
-10.2885    0
-10.1923    0
-10.0962    0
-10    0
-9.90385    0
-9.80769    0
-9.71154    0
-9.61538    0
-9.51923    0
-9.42308    0
-9.32692    0
-9.23077    0
-9.13462    0
-9.03846    0
-8.94231    0
-8.84615    0
-8.75    0
-8.65385    0
-8.55769    0
-8.46154    0
-8.36538    0
-8.26923    0
-8.17308    0
-8.07692    0
-7.98077    0
-7.88462    0
-7.78846    0
-7.69231    0
-7.59615    0
-7.5    0
-7.40385    0
-7.30769    0
-7.21154    0
-7.11538    0
-7.01923    0
-6.92308    0
-6.82692    0
-6.73077    0
-6.63462    0
-6.53846    0
-6.44231    0
-6.34615    0
-6.25    0
-6.15385    0
-6.05769    0
-5.96154    0
-5.86538    0
-5.76923    0
-5.67308    0
-5.57692    0
-5.48077    0
-5.38462    0
-5.28846    0
-5.19231    0
-5.09615    0
-5    0
-4.90385    0
-4.80769    0
-4.71154    0
-4.61538    0
-4.51923    0
-4.42308    0
-4.32692    0
-4.23077    0
-4.13462    0
-4.03846    0
-3.94231    0
-3.84615    0
-3.75    0
-3.65385    0
-3.55769    0
-3.46154    0
-3.36538    0
-3.26923    0
-3.17308    0
-3.07692    0
-2.98077    0
-2.88462    0
-2.78846    0
-2.69231    0
-2.59615    0
-2.5    0
-2.40385    0
-2.30769    0
-2.21154    0
-2.11538    0
-2.01923    0
-1.92308    0
-1.82692    0
-1.73077    0
-1.63462    0
-1.53846    0
-1.44231    0
-1.34615    0
-1.25    0
-1.15385    0
-1.05769    0
-0.961538    0
-0.865385    0
-0.769231    0
-0.673077    0
-0.576923    0
-0.480769    0
-0.384615    0
-0.288462    0
-0.192308    0
-0.0961538    0
3.19744e-14    0
0.0961538    0
0.192308    0
0.288462    0
0.384615    0
0.480769    0
0.576923    0
0.673077    0
0.769231    0
0.865385    0
0.961538    0
1.05769    0
1.15385    0
1.25    0
1.34615    0
1.44231    0
1.53846    0
1.63462    0
1.73077    0
1.82692    0
1.92308    0
2.01923    0
2.11538    0
2.21154    0
2.30769    0
2.40385    0
2.5    0
2.59615    0
2.69231    0
2.78846    0
2.88462    0
2.98077    0
3.07692    0
3.17308    0.664475
3.26923    0.413265
3.36538    0.0475545
3.46154    -0.634585
3.55769    -1.44271
3.65385    -2.11045
3.75    -2.3974
3.84615    -3.75721
3.94231    -2.92247
4.03846    -1.59307
4.13462    -0.0363771
4.23077    1.28412
4.32692    2.02183
4.42308    2.06405
4.51923    1.54972
4.61538    0.790961
4.71154    0.140214
4.80769    -0.138576
4.90385    0.0523572
5    0.636518
5.09615    1.41243
5.19231    2.13006
5.28846    2.56386
5.38462    2.56444
5.48077    2.08587
5.57692    1.19301
5.67308    0.0525902
5.76923    -0.510554
5.86538    -0.371324
5.96154    -1.21405
6.05769    -1.55311
6.15385    -1.4593
6.25    -0.965618
6.34615    -0.272299
6.44231    0.0610587
6.53846    -0.0136792
6.63462    -0.600652
6.73077    -1.74256
6.82692    -2.50376
6.92308    -2.98186
7.01923    -2.812
7.11538    -2.14154
7.21154    -1.17305
7.30769    -0.184008
7.40385    0.193435
7.5    0.816155
7.59615    1.1462
7.69231    1.2429
7.78846    1.10417
7.88462    0.727853
7.98077    0.144898
8.07692    -0.542309
8.17308    -1.15323
8.26923    -1.47619
8.36538    -1.35854
8.46154    -0.797896
8.55769    0.0191607
8.65385    0.764716
8.75    1.09584
8.84615    0.808016
8.94231    -0.0566122
9.03846    -1.20366
9.13462    -2.19492
9.23077    -2.62746
9.32692    -2.30419
9.42308    -1.3182
9.51923    -0.0131083
9.61538    1.16129
9.71154    1.83073
9.80769    1.83471
9.90385    1.26477
10    0.396674
10.0962    -0.441594
10.1923    -1.00002
10.2885    -1.17954
10.3846    -1.02834
10.4808    -1.87689
10.5769    -1.18188
10.6731    -0.434044
10.7692    0.277933
10.8654    0.744756
10.9615    1.02273
11.0577    0.847644
11.1538    0.244301
11.25    -0.609231
11.3462    -1.41661
11.4423    -0.812995
11.5385    -1.01497
11.6346    -1.16152
11.7308    -0.425568
11.8269    0.509483
11.9231    1.43953
12.0192    2.23811
12.1154    2.39918
12.2115    2.91128
12.3077    3.69299
12.4038    4.90084
12.5    6.37993
12.5962    7.69083
12.6923    8.25108
12.7885    7.5756
12.8846    5.5113
12.9808    2.35497
13.0769    -1.20907
13.1731    -4.33624
13.2692    -6.32345
13.3654    -6.86009
13.4615    -6.12375
13.5577    -5.8198
13.6538    -4.17071
13.75    -2.86871
13.8462    -2.28003
13.9423    -2.42012
14.0385    -2.98414
14.1346    -3.50431
14.2308    -3.55747
14.3269    -2.93911
14.4231    -1.7396
14.5192    -0.30051
14.6154    0.924579
14.7115    1.54594
14.8077    1.3822
14.9038    0.521395
15    -0.719276
15.0962    -1.91423
15.1923    -2.68126
15.2885    -2.80613
15.3846    -2.29523
15.4808    -1.34245
15.5769    -0.2304
15.6731    0.787926
15.7692    1.57653
15.8654    2.13872
15.9615    2.57186
16.0577    2.98365
16.1538    3.41601
16.25    3.81652
16.3462    4.07131
16.4423    4.07945
16.5385    3.82547
16.6346    3.40636
16.7308    2.99263
16.8269    2.74042
16.9231    2.70076
17.0192    2.779
17.1154    2.77387
17.2115    2.48407
17.3077    1.83085
17.4038    0.92993
17.5    0.0663017
17.5962    -0.427574
17.6923    -0.33796
17.7885    0.300711
17.8846    1.18347
17.9808    1.84197
18.0769    1.84083
18.1731    0.976077
18.2692    -0.617214
18.3654    -2.50208
18.4615    -4.10867
18.5577    -4.96084
18.6538    -4.85951
18.75    -3.9438
18.8462    -2.60962
18.9423    -1.33163
19.0385    -0.475782
19.1346    -0.186171
19.2308    -0.386753
19.3269    -0.878179
19.4231    -1.46563
19.5192    -2.04585
19.6154    -2.61275
19.7115    -3.19127
19.8077    -3.75051
19.9038    -4.1565
20    -4.19919
20.0962    -3.68279
20.1923    -2.52992
20.2885    -0.840673
20.3846    1.12816
20.4808    3.05388
20.5769    4.66069
20.6731    5.7956
20.7692    6.43142
20.8654    6.6047
20.9615    6.33476
21.0577    5.58153
21.1538    4.27583
21.25    2.41013
21.3462    0.135988
21.4423    -2.19837
21.5385    -4.11138
21.6346    -5.14116
21.7308    -5.02551
21.8269    -3.82345
21.9231    -1.91356
22.0192    0.140319
22.1154    1.80246
22.2115    2.76452
22.3077    3.04238
22.4038    2.9289
22.5    2.82726
22.5962    3.04323
22.6923    3.63042
22.7885    4.35513
22.8846    4.79108
22.9808    4.49761
23.0769    3.20339
23.1731    0.923322
23.2692    -2.02878
23.3654    -5.12421
23.4615    -7.75931
23.5577    -9.40153
23.6538    -9.70382
23.75    -8.57117
23.8462    -6.17942
23.9423    -2.95122
24.0385    0.509772
24.1346    3.52729
24.2308    5.49613
24.3269    6.0358
24.4231    5.11004
24.5192    3.06369
24.6154    0.546155
24.7115    -1.66987
24.8077    -2.92242
24.9038    -2.86649
25    -1.576
25.0962    0.497614
25.1923    2.69347
25.2885    4.36899
25.3846    5.0996
25.4808    4.77947
25.5769    3.59856
25.6731    1.92428
25.7692    0.150774
25.8654    -1.41859
25.9615    -2.61796
26.0577    -3.39822
26.1538    -3.77389
26.25    -3.78024
26.3462    -3.46487
26.4423    -2.90796
26.5385    -2.24185
26.6346    -1.63896
26.7308    -1.25704
26.8269    -1.16193
26.9231    -1.26941
27.0192    -1.34713
27.1154    -1.09134
27.2115    -0.255063
27.3077    1.22619
27.4038    3.17077
27.5    5.18496
27.5962    6.78714
27.6923    7.5731
27.7885    7.35395
27.8846    6.21047
27.9808    4.44553
28.0769    2.46142
28.1731    0.619724
28.2692    -0.856805
28.3654    -1.9062
28.4615    -2.57891
28.5577    -2.95769
28.6538    -3.0946
28.75    -2.99807
28.8462    -2.67033
28.9423    -2.16439
29.0385    -1.61748
29.1346    -1.22986
29.2308    -1.18895
29.3269    -1.57175
29.4231    -2.27586
29.5192    -3.02148
29.6154    -3.43625
29.7115    -3.19548
29.8077    -2.16169
29.9038    -0.463005
30    1.52735
30.0962    3.30748
30.1923    4.4164
30.2885    4.59164
30.3846    3.85456
30.4808    2.49272
30.5769    0.949576
30.6731    -0.333371
30.7692    -1.06112
30.8654    -1.16518
30.9615    -0.795759
31.0577    -0.237249
31.1538    0.214842
31.25    0.367851
31.3462    0.197442
31.4423    -0.153385
31.5385    -0.435375
31.6346    -0.389053
31.7308    0.157322
31.8269    1.21793
31.9231    2.62704
32.0192    4.06952
32.1154    5.1563
32.2115    5.52605
32.3077    4.94768
32.4038    3.39641
32.5    1.08066
32.5962    -1.59236
32.6923    -4.10783
32.7885    -5.96957
32.8846    -6.82631
32.9808    -6.56047
33.0769    -5.31193
33.1731    -3.42973
33.2692    -1.3689
33.3654    0.432937
33.4615    1.65948
33.5577    2.17108
33.6538    2.00302
33.75    1.3196
33.8462    0.350565
33.9423    -0.664184
34.0385    -1.50716
34.1346    -1.99481
34.2308    -1.98114
34.3269    -1.36797
34.4231    -0.127471
34.5192    1.66966
34.6154    3.83608
34.7115    6.07458
34.8077    8.01536
34.9038    9.27683
35    9.53427
35.0962    8.58034
35.1923    6.36858
35.2885    3.03902
35.3846    -1.07207
35.4808    -5.44152
35.5769    -9.40001
35.6731    -12.2196
35.7692    -13.2545
35.8654    -12.1158
35.9615    -8.83419
36.0577    -3.94303
36.1538    1.57402
36.25    6.49002
36.3462    9.65448
36.4423    10.3298
36.5385    8.42534
36.6346    4.53456
36.7308    -0.250147
36.8269    -4.68502
36.9231    -7.75866
37.0192    -8.97006
37.1154    -8.4036
37.2115    -6.58978
37.3077    -4.22964
37.4038    -1.91252
37.5    0.0525294
37.5962    1.63546
37.6923    2.94543
37.7885    4.04969
37.8846    4.86182
37.9808    5.16444
38.0769    4.75246
38.1731    3.61151
38.2692    2.02158
38.3654    0.510714
38.4615    -0.33858
38.5577    -0.147132
38.6538    1.06296
38.75    2.83338
38.8462    4.42685
38.9423    5.11504
39.0385    4.47275
39.1346    2.55036
39.2308    -0.147379
39.3269    -2.85952
39.4231    -4.85085
39.5192    -5.65493
39.6154    -5.18505
39.7115    -3.68915
39.8077    -1.59716
39.9038    0.651412
40    2.72077
40.0962    4.40183
40.1923    5.56886
40.2885    6.12626
40.3846    5.99502
40.4808    5.15107
40.5769    3.68443
40.6731    1.82819
40.7692    -0.0787378
40.8654    -1.6892
40.9615    -2.75842
41.0577    -3.20574
41.1538    -3.09064
41.25    -2.51787
41.3462    -1.5351
41.4423    -0.10051
41.5385    1.83654
41.6346    4.16774
41.7308    6.46383
41.8269    7.93657
41.9231    7.60399
42.0192    4.64602
42.1154    -1.16669
42.2115    -9.15329
42.3077    -17.6825
42.4038    -24.4888
42.5    -27.283
42.5962    -24.4717
42.6923    -15.7404
42.7885    -2.29472
42.8846    13.3344
42.9808    27.8645
43.0769    38.0421
43.1731    41.4065
43.2692    36.8402
43.3654    24.7968
43.4615    7.18992
43.5577    -12.993
43.6538    -32.2561
43.75    -47.234
43.8462    -55.3073
43.9423    -55.0996
44.0385    -46.7605
44.1346    -31.9524
44.2308    -13.5055
44.3269    5.21617
44.4231    21.0943
44.5192    31.9689
44.6154    37.0616
44.7115    36.969
44.8077    33.2319
44.9038    27.6439
45    21.5711
45.0962    15.5487
45.1923    9.30546
45.2885    2.18442
45.3846    -6.24903
45.4808    -15.7017
45.5769    -24.997
45.6731    -32.3584
45.7692    -36.0218
45.8654    -34.9164
45.9615    -29.1178
46.0577    -19.8773
46.1538    -9.21678
46.25    0.736972
46.3462    8.3974
46.4423    13.0901
46.5385    15.033
46.6346    14.9884
46.7308    13.7882
46.8269    11.9698
46.9231    9.67747
47.0192    6.83547
47.1154    3.4564
47.2115    -0.115298
47.3077    -3.1809
47.4038    -4.91692
47.5    -4.74661
47.5962    -2.66016
47.6923    0.693045
47.7885    4.2078
47.8846    6.7437
47.9808    7.57432
48.0769    6.6574
48.1731    4.60054
48.2692    2.34035
48.3654    0.687942
48.4615    -0.0449152
48.5577    -0.165749
48.6538    -0.416571
48.75    -1.57779
48.8462    -4.05168
48.9423    -7.62172
49.0385    -11.4981
49.1346    -14.6243
49.2308    -16.1023
49.3269    -15.5431
49.4231    -13.1937
49.5192    -9.79634
49.6154    -6.25882
49.7115    -3.28983
49.8077    -1.15954
49.9038    0.324918
50    1.64051
50.0962    3.26548
50.1923    5.42758
50.2885    7.99048
50.3846    10.5141
50.4808    12.4454
50.5769    13.3476
50.6731    13.0674
50.7692    11.7829
50.8654    9.92518
50.9615    8.01877
51.0577    6.50622
51.1538    5.61726
51.25    5.31591
51.3462    5.32985
51.4423    5.24372
51.5385    4.62696
51.6346    3.16445
51.7308    0.759742
51.8269    -2.41528
51.9231    -5.94204
52.0192    -9.25066
52.1154    -11.7692
52.2115    -13.085
52.3077    -13.0651
52.4038    -11.8911
52.5    -9.99027
52.5962    -7.88854
52.6923    -6.03827
52.7885    -4.68953
52.8846    -3.85248
52.9808    -3.35887
53.0769    -2.98646
53.1731    -2.58372
53.2692    -2.13535
53.3654    -1.74182
53.4615    -1.52972
53.5577    -1.54467
53.6538    -1.68513
53.75    -1.71382
53.8462    -1.34278
53.9423    -0.351916
54.0385    1.31446
54.1346    3.5155
54.2308    5.95562
54.3269    8.27546
54.4231    10.1483
54.5192    11.3441
54.6154    11.7457
54.7115    11.3303
54.8077    10.143
54.9038    8.28395
55    5.91308
55.0962    3.25564
55.1923    0.584774
55.2885    -1.8299
55.3846    -3.79528
55.4808    -5.25585
55.5769    -6.30567
55.6731    -7.13302
55.7692    -7.91344
55.8654    -8.69722
55.9615    -9.34781
56.0577    -9.56895
56.1538    -9.01844
56.25    -7.46407
56.3462    -4.91359
56.4423    -1.6587
56.5385    1.79015
56.6346    4.85348
56.7308    7.05599
56.8269    8.15439
56.9231    8.17453
57.0192    7.3547
57.1154    6.0313
57.2115    4.52166
57.3077    3.05015
57.4038    1.73452
57.5    0.617486
57.5962    -0.289437
57.6923    -0.980167
57.7885    -1.45695
57.8846    -1.74974
57.9808    -1.92819
58.0769    -2.08792
58.1731    -2.3117
58.2692    -2.6257
58.3654    -2.97889
58.4615    -3.26382
58.5577    -3.37452
58.6538    -3.2742
58.75    -3.03599
58.8462    -2.82995
58.9423    -2.855
59.0385    -3.24309
59.1346    -3.97893
59.2308    -4.87468
59.3269    -5.61501
59.4231    -5.85726
59.5192    -5.34685
59.6154    -4.00284
59.7115    -1.94285
59.8077    0.556806
59.9038    3.14376
60    5.47982
60.0962    7.30734
60.1923    8.47648
60.2885    8.93835
60.3846    8.72147
60.4808    7.90982
60.5769    6.63156
60.6731    5.05461
60.7692    3.37755
60.8654    1.80556
60.9615    0.510936
61.0577    -0.410645
61.1538    -0.969123
61.25    -1.27757
61.3462    -1.5125
61.4423    -1.84699
61.5385    -2.37962
61.6346    -3.08683
61.7308    -3.81958
61.8269    -4.3496
61.9231    -4.45178
62.0192    -3.99435
62.1154    -3.00362
62.2115    -1.67692
62.3077    -0.335142
62.4038    0.672355
62.5    1.0794
62.5962    0.792278
62.6923    -0.0758108
62.7885    -1.2388
62.8846    -2.32918
62.9808    -3.01452
63.0769    -3.09792
63.1731    -2.56803
63.2692    -1.58472
63.3654    -0.411629
63.4615    0.674439
63.5577    1.46206
63.6538    1.84683
63.75    1.83108
63.8462    1.49517
63.9423    0.962646
64.0385    0.376108
64.1346    -0.113751
64.2308    -0.357287
64.3269    -0.228633
64.4231    0.332444
64.5192    1.27218
64.6154    2.39595
64.7115    3.3917
64.8077    3.91466
64.9038    3.71341
65    2.74947
65.0962    1.25291
65.1923    -0.324987
65.2885    -1.45956
65.3846    -1.75185
65.4808    -1.09938
65.5769    0.237416
65.6731    1.71007
65.7692    2.67708
65.8654    2.64469
65.9615    1.45737
66.0577    -0.639283
66.1538    -3.08693
66.25    -5.21549
66.3462    -6.47285
66.4423    -6.59234
66.5385    -5.63944
66.6346    -3.93427
66.7308    -1.89857
66.8269    0.0984921
66.9231    1.83175
67.0192    3.22327
67.1154    4.27728
67.2115    4.99735
67.3077    5.33799
67.4038    5.21754
67.5    4.58177
67.5962    3.47817
67.6923    2.09302
67.7885    0.722222
67.8846    -0.32016
67.9808    -0.819065
68.0769    -0.749337
68.1731    -0.297042
68.2692    0.203888
68.3654    0.399348
68.4615    0.0594511
68.5577    -0.81635
68.6538    -1.97581
68.75    -2.98489
68.8462    -3.3717
68.9423    -2.79496
69.0385    -1.1786
69.1346    1.23579
69.2308    3.94013
69.3269    6.30128
69.4231    7.74745
69.5192    7.93769
69.6154    6.85668
69.7115    4.80265
69.8077    2.27449
69.9038    -0.198578
70    -2.22016
70.0962    -3.62229
70.1923    -4.46194
70.2885    -4.92932
70.3846    -5.21587
70.4808    -5.40552
70.5769    -5.43906
70.6731    -5.16435
70.7692    -4.4425
70.8654    -3.25266
70.9615    -1.73884
71.0577    -0.172123
71.1538    1.15488
71.25    2.04922
71.3462    2.49357
71.4423    2.63874
71.5385    2.71675
71.6346    2.91941
71.7308    3.30427
71.8269    3.7748
71.9231    4.14206
72.0192    4.23228
72.1154    3.981
72.2115    3.46362
72.3077    2.84808
72.4038    2.29922
72.5    1.89127
72.5962    1.58021
72.6923    1.25297
72.7885    0.825016
72.8846    0.327166
72.9808    -0.075306
73.0769    -0.15263
73.1731    0.259535
73.2692    1.13741
73.3654    2.22431
73.4615    3.09932
73.5577    3.3379
73.6538    2.69347
73.75    1.21344
73.8462    -0.768575
73.9423    -2.76356
74.0385    -4.32039
74.1346    -5.19076
74.2308    -5.39009
74.3269    -5.13201
74.4231    -4.67784
74.5192    -4.18423
74.6154    -3.63005
74.7115    -2.85936
74.8077    -1.71417
74.9038    -0.181359
75    1.53067
75.0962    3.03457
75.1923    3.91281
75.2885    3.9035
75.3846    3.0327
75.4808    1.62695
75.5769    0.197119
75.6731    -0.754224
75.7692    -0.915309
75.8654    -0.25936
75.9615    0.982023
76.0577    2.44082
76.1538    3.76347
76.25    4.71958
76.3462    5.22917
76.4423    5.31646
76.5385    5.03683
76.6346    4.43004
76.7308    3.52873
76.8269    2.40906
76.9231    1.23803
77.0192    0.268036
77.1154    -0.242054
77.2115    -0.153693
77.3077    0.439863
77.4038    1.18692
77.5    1.57258
77.5962    1.11522
77.6923    -0.411425
77.7885    -2.83004
77.8846    -5.56254
77.9808    -7.80013
78.0769    -8.7838
78.1731    -8.08646
78.2692    -5.78215
78.3654    -2.4316
78.4615    1.1115
78.5577    3.99616
78.6538    5.65443
78.75    5.95978
78.8462    5.21107
78.9423    3.96282
79.0385    2.78269
79.1346    2.0392
79.2308    1.80029
79.3269    1.86936
79.4231    1.92546
79.5192    1.69451
79.6154    1.0744
79.7115    0.166068
79.8077    -0.790501
79.9038    -1.5346
80    -1.89789
80.0962    -1.86228
80.1923    -1.54392
80.2885    -1.12016
80.3846    -0.740556
80.4808    -0.465742
80.5769    -0.259822
80.6731    -0.0345226
80.7692    0.281289
80.8654    0.683033
80.9615    1.0718
81.0577    1.28487
81.1538    1.16203
81.25    0.619419
81.3462    -0.300069
81.4423    -1.42014
81.5385    -2.4718
81.6346    -3.16769
81.7308    -3.28612
81.8269    -2.73842
81.9231    -1.60001
82.0192    -0.0963371
82.1154    1.45258
82.2115    2.71407
82.3077    3.42912
82.4038    3.47916
82.5    2.91333
82.5962    1.92717
82.6923    0.798123
82.7885    -0.201912
82.8846    -0.8872
82.9808    -1.20313
83.0769    -1.21896
83.1731    -1.07233
83.2692    -0.890095
83.3654    -0.721777
83.4615    -0.517829
83.5577    -0.165692
83.6538    0.430543
83.75    1.26402
83.8462    2.17697
83.9423    2.88165
84.0385    3.05201
84.1346    2.45454
84.2308    1.06529
84.3269    -0.879325
84.4231    -2.9263
84.5192    -4.53489
84.6154    -5.24603
84.7115    -4.83027
84.8077    -3.36042
84.9038    -1.18453
85    1.18671
85.0962    3.23399
85.1923    4.56937
85.2885    5.01871
85.3846    4.6294
85.4808    3.61516
85.5769    2.26918
85.6731    0.879859
85.7692    -0.326415
85.8654    -1.20805
85.9615    -1.70335
86.0577    -1.81121
86.1538    -1.56961
86.25    -1.03852
86.3462    -0.288947
86.4423    0.602267
86.5385    1.55243
86.6346    2.46868
86.7308    3.24254
86.8269    3.7498
86.9231    3.86354
87.0192    3.48408
87.1154    2.58075
87.2115    1.22975
87.3077    -0.37278
87.4038    -1.93865
87.5    -3.15688
87.5962    -3.78474
87.6923    -3.72622
87.7885    -3.06309
87.8846    -2.02108
87.9808    -0.881092
88.0769    0.127746
88.1731    0.90615
88.2692    1.49754
88.3654    2.02941
88.4615    2.61148
88.5577    3.24154
88.6538    3.76853
88.75    3.93682
88.8462    3.49642
88.9423    2.33117
89.0385    0.545015
89.1346    -1.53674
89.2308    -3.45776
89.3269    -4.77861
89.4231    -5.22315
89.5192    -4.76564
89.6154    -3.62652
89.7115    -2.18342
89.8077    -0.836552
89.9038    0.118312
90    0.565379
90.0962    0.574371
90.1923    0.346198
90.2885    0.128165
90.3846    0.132012
90.4808    0.47841
90.5769    1.17621
90.6731    2.13183
90.7692    3.17842
90.8654    4.11528
90.9615    4.75113
91.0577    4.94605
91.1538    4.64565
91.25    3.89851
91.3462    2.84888
91.4423    1.70233
91.5385    0.671605
91.6346    -0.0812038
91.7308    -0.487019
91.8269    -0.582396
91.9231    -0.489024
92.0192    -0.368846
92.1154    -0.371055
92.2115    -0.587598
92.3077    -1.02814
92.4038    -1.6178
92.5    -2.21549
92.5962    -2.6485
92.6923    -2.7589
92.7885    -2.45505
92.8846    -1.75696
92.9808    -0.818722
93.0769    0.0897061
93.1731    0.650051
93.2692    0.602603
93.3654    -0.139941
93.4615    -1.41821
93.5577    -2.83356
93.6538    -3.85286
93.75    -3.98602
93.8462    -2.97466
93.9423    -0.915477
94.0385    1.73987
94.1346    4.31974
94.2308    6.15664
94.3269    6.81445
94.4231    6.22762
94.5192    4.6977
94.6154    2.75299
94.7115    0.936414
94.8077    -0.385207
94.9038    -1.11188
95    -1.37314
95.0962    -1.39639
95.1923    -1.35661
95.2885    -1.28587
95.3846    -1.08443
95.4808    -0.618539
95.5769    0.156298
95.6731    1.12042
95.7692    2.01003
95.8654    2.52617
95.9615    2.47759
96.0577    1.88143
96.1538    0.965956
96.25    0.0686676
96.3462    -0.522635
96.4423    -0.707921
96.5385    -0.622943
96.6346    -0.57165
96.7308    -0.873765
96.8269    -1.69933
96.9231    -2.9677
97.0192    -4.35729
97.1154    -5.42016
97.2115    -5.74923
97.3077    -5.12583
97.4038    -3.59036
97.5    -1.41736
97.5962    0.981294
97.6923    3.17662
97.7885    4.81907
97.8846    5.68776
97.9808    5.69735
98.0769    4.8855
98.1731    3.40246
98.2692    1.50702
98.3654    -0.445365
98.4615    -2.04408
98.5577    -2.90481
98.6538    -2.77696
98.75    -1.63986
98.8462    0.257171
98.9423    2.44002
99.0385    4.33654
99.1346    5.44507
99.2308    5.48432
99.3269    4.46904
99.4231    2.68535
99.5192    0.579539
99.6154    -1.39239
99.7115    -2.89638
99.8077    -3.7886
99.9038    -4.10712
100    -4.00618
100.096    -3.67165
100.192    -3.25561
100.288    -2.85036
100.385    -2.49882
100.481    -2.22138
100.577    -2.03623
100.673    -1.96006
100.769    -1.99195
100.865    -2.09454
100.962    -2.18861
101.058    -2.16875
101.154    -1.93507
101.25    -1.42698
101.346    -0.643785
101.442    0.355439
101.538    1.46953
101.635    2.57933
101.731    3.5665
101.827    4.32161
101.923    4.7453
102.019    4.75192
102.115    4.28386
102.212    3.33675
102.308    1.98571
102.404    0.397023
102.5    -1.18843
102.596    -2.50284
102.692    -3.31955
102.788    -3.51952
102.885    -3.13223
102.981    -2.33439
103.077    -1.4046
103.173    -0.6825
103.269    -0.722676
103.365    -0.560588
103.462    -0.588616
103.558    -0.812503
103.654    -1.20766
103.75    -1.6851
103.846    -1.91623
103.942    -0.74575
104.038    -0.708574
104.135    -0.301751
104.231    0.587801
104.327    1.84963
104.423    3.1344
104.519    3.95352
104.615    3.8589
104.712    2.62702
104.808    0.366962
104.904    -2.49501
105    -5.34692
105.096    -7.58169
105.192    -8.76911
105.288    -8.74735
105.385    -7.6141
105.481    -5.64328
105.577    -3.17953
105.673    -0.559105
105.769    1.91872
105.865    3.54065
105.962    4.28504
106.058    5.4585
106.154    5.85246
106.25    5.35992
106.346    4.11188
106.442    2.65009
106.538    1.45969
106.635    0.685886
106.731    0.41897
106.827    0.779537
106.923    0.991147
107.019    0.978794
107.115    0.453603
107.212    -0.221416
107.308    -0.914399
107.404    -1.40944
107.5    -1.2847
107.596    -1.32761
107.692    -1.3091
107.788    -1.39649
107.885    -1.69287
107.981    -2.17137
108.077    -2.67455
108.173    -2.98014
108.269    -2.90174
108.365    -2.37666
108.462    -1.50045
108.558    -0.493467
108.654    0.383567
108.75    0.926442
108.846    1.0557
108.942    0.8309
109.038    0.41116
109.135    -0.0155713
109.231    -0.302191
109.327    -0.384393
109.423    -0.284132
109.519    -0.0814939
109.615    0.126955
109.712    0.264142
109.808    0.290982
109.904    0.206131
110    0.0340112
110.096    -0.189252
110.192    -0.425024
110.288    -0.634917
110.385    -0.780233
110.481    -0.834907
110.577    0.161632
110.673    -0.0207454
110.769    -0.169838
110.865    -0.166042
110.962    -0.0791623
111.058    -0.0185168
111.154    0.229319
111.25    0.464306
111.346    0.575612
111.442    0.502593
111.538    -0.486862
111.635    -0.485295
111.731    -0.00237404
111.827    -0.0258187
111.923    -0.106444
112.019    -0.256818
112.115    -0.38426
112.212    0.0705266
112.308    0.0686503
112.404    0.0171377
112.5    -0.0613546
112.596    -0.11945
112.692    -0.110192
112.788    -0.0181157
112.885    0.121447
112.981    0.228748
113.077    0.213188
113.173    0.0205474
113.269    -0.32927
113.365    -0.735384
113.462    -1.04809
113.558    -1.05543
113.654    0
113.75    0
113.846    0
113.942    0
114.038    0
114.135    0
114.231    0
114.327    0
114.423    0
114.519    0
114.615    0
114.712    0
114.808    0
114.904    0
115    0
115.096    0
115.192    0
115.288    0
115.385    0
115.481    0
115.577    0
115.673    0
115.769    0
115.865    0
115.962    0
116.058    0
116.154    0
116.25    0
116.346    0
116.442    0
116.538    0
116.635    0
116.731    0
116.827    0
116.923    0
117.019    0
117.115    0
117.212    0
117.308    0
117.404    0
117.5    0
117.596    0
117.692    0
117.788    0
117.885    0
117.981    0
118.077    0
118.173    0
118.269    0
118.365    0
118.462    0
118.558    0
118.654    0
118.75    0
118.846    0
118.942    0
119.038    0
119.135    0
119.231    0
119.327    0
119.423    0
119.519    0
119.615    0
119.712    0
119.808    0
119.904    0
120    0
120.096    0
120.192    0
120.288    0
120.385    0
120.481    0
120.577    0
120.673    0
120.769    0
120.865    0
120.962    0
121.058    0
121.154    0
121.25    0
121.346    0
121.442    0
121.538    0
121.635    0
121.731    0
121.827    0
121.923    0
122.019    0
122.115    0
122.212    0
122.308    0
122.404    0
122.5    0
122.596    0
122.692    0
122.788    0
122.885    0
122.981    0
123.077    0
123.173    0
123.269    0
123.365    0
123.462    0
123.558    0
123.654    0
123.75    0
123.846    0
123.942    0
124.038    0
124.135    0
124.231    0
124.327    0
124.423    0
124.519    0
124.615    0
124.712    0
124.808    0
124.904    0
