-25    0
-24.9038    0
-24.8077    0
-24.7115    0
-24.6154    0
-24.5192    0
-24.4231    0
-24.3269    0
-24.2308    0
-24.1346    0
-24.0385    0
-23.9423    0
-23.8462    0
-23.75    0
-23.6538    0
-23.5577    0
-23.4615    0
-23.3654    0
-23.2692    0
-23.1731    0
-23.0769    0
-22.9808    0
-22.8846    0
-22.7885    0
-22.6923    0
-22.5962    0
-22.5    0
-22.4038    0
-22.3077    0
-22.2115    0
-22.1154    0
-22.0192    0
-21.9231    0
-21.8269    0
-21.7308    0
-21.6346    0
-21.5385    0
-21.4423    0
-21.3462    0
-21.25    0
-21.1538    0
-21.0577    0
-20.9615    0
-20.8654    0
-20.7692    0
-20.6731    0
-20.5769    0
-20.4808    0
-20.3846    0
-20.2885    0
-20.1923    0
-20.0962    0
-20    0
-19.9038    0
-19.8077    0
-19.7115    0
-19.6154    0
-19.5192    0
-19.4231    0
-19.3269    0
-19.2308    0
-19.1346    0
-19.0385    0
-18.9423    0
-18.8462    0
-18.75    0
-18.6538    0
-18.5577    0
-18.4615    0
-18.3654    0
-18.2692    0
-18.1731    0
-18.0769    0
-17.9808    0
-17.8846    0
-17.7885    0
-17.6923    0
-17.5962    0
-17.5    0
-17.4038    0
-17.3077    0
-17.2115    0
-17.1154    0
-17.0192    0
-16.9231    0
-16.8269    0
-16.7308    0
-16.6346    0
-16.5385    0
-16.4423    0
-16.3462    0
-16.25    0
-16.1538    0
-16.0577    0
-15.9615    0
-15.8654    0
-15.7692    0
-15.6731    0
-15.5769    0
-15.4808    0
-15.3846    0
-15.2885    0
-15.1923    0
-15.0962    0
-15    0
-14.9038    0
-14.8077    0
-14.7115    0
-14.6154    0
-14.5192    0
-14.4231    0
-14.3269    0
-14.2308    0
-14.1346    0
-14.0385    0
-13.9423    0
-13.8462    0
-13.75    0
-13.6538    0
-13.5577    0
-13.4615    0
-13.3654    0
-13.2692    0
-13.1731    0
-13.0769    0
-12.9808    0
-12.8846    0
-12.7885    0
-12.6923    0
-12.5962    0
-12.5    0
-12.4038    0
-12.3077    0
-12.2115    0
-12.1154    0
-12.0192    0
-11.9231    0
-11.8269    0
-11.7308    0
-11.6346    0
-11.5385    0
-11.4423    0
-11.3462    0
-11.25    0
-11.1538    0
-11.0577    0
-10.9615    0
-10.8654    0
-10.7692    0
-10.6731    0
-10.5769    0
-10.4808    0
-10.3846    0
-10.2885    0
-10.1923    0
-10.0962    0
-10    0
-9.90385    0
-9.80769    0
-9.71154    0
-9.61538    0
-9.51923    0
-9.42308    0
-9.32692    0
-9.23077    0
-9.13462    0
-9.03846    0
-8.94231    0
-8.84615    0
-8.75    0
-8.65385    0
-8.55769    0
-8.46154    0
-8.36538    0
-8.26923    0
-8.17308    0
-8.07692    0
-7.98077    0
-7.88462    0
-7.78846    0
-7.69231    0
-7.59615    0
-7.5    0
-7.40385    0
-7.30769    0
-7.21154    0
-7.11538    0
-7.01923    0
-6.92308    0
-6.82692    0
-6.73077    0
-6.63462    0
-6.53846    0
-6.44231    0
-6.34615    0
-6.25    0
-6.15385    0
-6.05769    0
-5.96154    0
-5.86538    0
-5.76923    0
-5.67308    0
-5.57692    0
-5.48077    0
-5.38462    0
-5.28846    0
-5.19231    0
-5.09615    0
-5    0
-4.90385    0
-4.80769    0
-4.71154    0
-4.61538    0
-4.51923    0
-4.42308    0
-4.32692    0
-4.23077    0
-4.13462    0
-4.03846    0
-3.94231    0
-3.84615    0
-3.75    0
-3.65385    0
-3.55769    0
-3.46154    0
-3.36538    0
-3.26923    0
-3.17308    0
-3.07692    0
-2.98077    0
-2.88462    0
-2.78846    0
-2.69231    0
-2.59615    0
-2.5    0
-2.40385    0
-2.30769    0
-2.21154    0
-2.11538    0
-2.01923    0
-1.92308    0
-1.82692    0
-1.73077    0
-1.63462    0
-1.53846    0
-1.44231    0
-1.34615    0
-1.25    0
-1.15385    0
-1.05769    0
-0.961538    0
-0.865385    0
-0.769231    0
-0.673077    0
-0.576923    0
-0.480769    0
-0.384615    0
-0.288462    0
-0.192308    0
-0.0961538    0
-3.19744e-14    0
0.0961538    0
0.192308    0
0.288462    0
0.384615    0
0.480769    0
0.576923    0
0.673077    0
0.769231    0
0.865385    0
0.961538    0
1.05769    0
1.15385    0
1.25    0
1.34615    0
1.44231    0
1.53846    0
1.63462    0
1.73077    0
1.82692    0
1.92308    0
2.01923    0
2.11538    0
2.21154    0
2.30769    0
2.40385    0
2.5    0
2.59615    0
2.69231    0
2.78846    0
2.88462    -1.05535
2.98077    -1.20849
3.07692    -1.15089
3.17308    -0.814496
3.26923    -0.252005
3.36538    0.407902
3.46154    1.00446
3.55769    1.40217
3.65385    1.53769
3.75    1.43668
3.84615    1.19458
3.94231    0.931202
4.03846    0.740413
4.13462    0.656747
4.23077    0.651941
4.32692    0.659359
4.42308    0.611662
4.51923    0.47248
4.61538    0.24805
4.71154    -0.0234476
4.80769    -0.295366
4.90385    -0.533882
5    -0.725352
5.09615    -0.867736
5.19231    -0.954503
5.28846    -0.964394
5.38462    -0.866967
5.48077    -0.643832
5.57692    -0.314516
5.67308    0.0495045
5.76923    0.335286
5.86538    0.424418
5.96154    -0.393897
6.05769    -0.664353
6.15385    -1.08654
6.25    -2.02074
6.34615    -2.25556
6.44231    -1.78031
6.53846    0.26495
6.63462    1.44518
6.73077    3.44355
6.82692    5.89781
6.92308    5.76669
7.01923    4.87028
7.11538    3.44377
7.21154    1.87933
7.30769    0.516128
7.40385    -0.440821
7.5    -0.937318
7.59615    -1.03535
7.69231    -0.858386
7.78846    -0.286673
7.88462    0.368272
7.98077    0.925802
8.07692    1.30501
8.17308    1.39547
8.26923    1.17777
8.36538    0.767439
8.46154    0.408874
8.55769    0.40143
8.65385    0.974215
8.75    3.44482
8.84615    5.16141
8.94231    6.77115
9.03846    7.53657
9.13462    7.05636
9.23077    5.27272
9.32692    1.85784
9.42308    -1.60792
9.51923    -4.74402
9.61538    -6.92844
9.71154    -7.50485
9.80769    -7.28759
9.90385    -6.44191
10    -5.50027
10.0962    -4.79774
10.1923    -4.35227
10.2885    -3.89692
10.3846    -3.06107
10.4808    -1.60931
10.5769    0.381647
10.6731    2.4988
10.7692    2.72102
10.8654    5.08344
10.9615    5.23263
11.0577    3.93328
11.1538    1.8555
11.25    -0.391889
11.3462    -2.08085
11.4423    -2.69996
11.5385    -2.13881
11.6346    -0.718093
11.7308    0.9401
11.8269    2.14475
11.9231    2.37929
12.0192    1.46834
12.1154    -1.39931
12.2115    -3.57901
12.3077    -5.486
12.4038    -6.42688
12.5    -6.11444
12.5962    -4.57584
12.6923    -2.11315
12.7885    0.793795
12.8846    3.60491
12.9808    5.82806
13.0769    7.10205
13.1731    7.24871
13.2692    6.29271
13.3654    4.44794
13.4615    2.07065
13.5577    -0.414694
13.6538    -2.60218
13.75    -4.18211
13.8462    -4.98826
13.9423    -5.00348
14.0385    -4.32764
14.1346    -3.12679
14.2308    -1.58711
14.3269    0.109012
14.4231    1.78287
14.5192    3.24887
14.6154    4.31393
14.7115    4.80172
14.8077    4.60009
14.9038    3.71308
15    2.2898
15.0962    0.608051
15.1923    -0.990627
15.2885    -2.19522
15.3846    -2.81398
15.4808    -2.82302
15.5769    -2.35619
15.6731    -1.64319
15.7692    -0.924141
15.8654    -0.376991
15.9615    -0.0845984
16.0577    -0.0467763
16.1538    -0.220297
16.25    -0.558173
16.3462    -1.02429
16.4423    -1.57747
16.5385    -2.14003
16.6346    -2.57794
16.7308    -2.71575
16.8269    -2.39044
16.9231    -1.52503
17.0192    -0.187095
17.1154    1.40094
17.2115    2.91321
17.3077    4.01848
17.4038    4.48662
17.5    4.25914
17.5962    3.45482
17.6923    2.31026
17.7885    1.08473
17.8846    -0.0267914
17.9808    -0.935104
18.0769    -1.6405
18.1731    -2.17576
18.2692    -2.54525
18.3654    -2.6961
18.4615    -2.53782
18.5577    -1.99879
18.6538    -1.08699
18.75    0.0801448
18.8462    1.29548
18.9423    2.32308
19.0385    2.97051
19.1346    3.13787
19.2308    2.82355
19.3269    2.09245
19.4231    1.03348
19.5192    -0.262792
19.6154    -1.6912
19.7115    -3.096
19.8077    -4.24523
19.9038    -4.8508
20    -4.64723
20.0962    -3.50637
20.1923    -1.53571
20.2885    0.897193
20.3846    3.24532
20.4808    4.95074
20.5769    5.63801
20.6731    5.24887
20.7692    4.05455
20.8654    2.5343
20.9615    1.17121
21.0577    0.256572
21.1538    -0.207409
21.25    -0.462699
21.3462    -0.8323
21.4423    -1.52082
21.5385    -2.47896
21.6346    -3.40158
21.7308    -3.86333
21.8269    -3.52815
21.9231    -2.33098
22.0192    -0.542294
22.1154    1.3188
22.2115    2.68576
22.3077    3.16967
22.4038    2.7081
22.5    1.57495
22.5962    0.25291
22.6923    -0.768957
22.7885    -1.182
22.8846    -0.952896
22.9808    -0.297903
23.0769    0.437243
23.1731    0.928996
23.2692    0.992749
23.3654    0.624689
23.4615    -0.031751
23.5577    -0.763524
23.6538    -1.36784
23.75    -1.7037
23.8462    -1.70688
23.9423    -1.37947
24.0385    -0.771563
24.1346    0.0329594
24.2308    0.92605
24.3269    1.78661
24.4231    2.4977
24.5192    2.96678
24.6154    3.13986
24.7115    3.0016
24.8077    2.56277
24.9038    1.8466
25    0.888947
25.0962    -0.241731
25.1923    -1.41514
25.2885    -2.42576
25.3846    -3.02041
25.4808    -2.97393
25.5769    -2.19063
25.6731    -0.78484
25.7692    0.90912
25.8654    2.42207
25.9615    3.31023
26.0577    3.32823
26.1538    2.53621
26.25    1.28412
26.3462    0.0699178
26.4423    -0.671159
26.5385    -0.752301
26.6346    -0.308972
26.7308    0.275418
26.8269    0.558225
26.9231    0.251647
27.0192    -0.639147
27.1154    -1.81767
27.2115    -2.83282
27.3077    -3.28102
27.4038    -2.97541
27.5    -2.00537
27.5962    -0.668315
27.6923    0.679546
27.7885    1.77036
27.8846    2.49655
27.9808    2.88281
28.0769    2.99207
28.1731    2.83537
28.2692    2.3482
28.3654    1.45117
28.4615    0.15652
28.5577    -1.35185
28.6538    -2.7284
28.75    -3.58036
28.8462    -3.63882
28.9423    -2.89905
29.0385    -1.64912
29.1346    -0.358724
29.2308    0.527543
29.3269    0.794463
29.4231    0.554819
29.5192    0.187853
29.6154    0.141856
29.7115    0.694569
29.8077    1.7891
29.9038    3.02869
30    3.83764
30.0962    3.71577
30.1923    2.46943
30.2885    0.314384
30.3846    -2.19312
30.4808    -4.36124
30.5769    -5.60994
30.6731    -5.65602
30.7692    -4.56875
30.8654    -2.69266
30.9615    -0.491445
31.0577    1.60963
31.1538    3.3211
31.25    4.50706
31.3462    5.14606
31.4423    5.2788
31.5385    4.97761
31.6346    4.34543
31.7308    3.52514
31.8269    2.69097
31.9231    2.00719
32.0192    1.56554
32.1154    1.33419
32.2115    1.1531
32.3077    0.790624
32.4038    0.044223
32.5    -1.15719
32.5962    -2.69708
32.6923    -4.28992
32.7885    -5.5699
32.8846    -6.21413
32.9808    -6.05144
33.0769    -5.11699
33.1731    -3.63816
33.2692    -1.96465
33.3654    -0.472703
33.4615    0.525331
33.5577    0.845616
33.6538    0.464457
33.75    -0.481738
33.8462    -1.72545
33.9423    -2.92432
34.0385    -3.74036
34.1346    -3.92858
34.2308    -3.41041
34.3269    -2.30224
34.4231    -0.878907
34.5192    0.523967
34.6154    1.6361
34.7115    2.35523
34.8077    2.7782
34.9038    3.14077
35    3.68876
35.0962    4.53857
35.1923    5.59467
35.2885    6.56839
35.3846    7.09501
35.4808    6.89775
35.5769    5.92185
35.6731    4.3736
35.7692    2.64287
35.8654    1.14346
35.9615    0.144472
36.0577    -0.329268
36.1538    -0.483539
36.25    -0.637086
36.3462    -1.0578
36.4423    -1.82983
36.5385    -2.81097
36.6346    -3.69535
36.7308    -4.1476
36.8269    -3.94508
36.9231    -3.06667
37.0192    -1.696
37.1154    -0.147739
37.2115    1.24311
37.3077    2.21982
37.4038    2.65536
37.5    2.54876
37.5962    1.98294
37.6923    1.07275
37.7885    -0.0723606
37.8846    -1.36008
37.9808    -2.70536
38.0769    -4.01132
38.1731    -5.15414
38.2692    -5.98121
38.3654    -6.32673
38.4615    -6.04473
38.5577    -5.05524
38.6538    -3.39289
38.75    -1.23998
38.8462    1.07795
38.9423    3.15038
39.0385    4.59196
39.1346    5.1768
39.2308    4.94626
39.3269    4.23544
39.4231    3.58545
39.5192    3.55273
39.6154    4.4762
39.7115    6.29267
39.8077    8.48464
39.9038    10.1982
40    10.5013
40.0962    8.6938
40.1923    4.55764
40.2885    -1.53767
40.3846    -8.70023
40.4808    -15.7095
40.5769    -21.2585
40.6731    -24.1709
40.7692    -23.5602
40.8654    -18.9503
40.9615    -10.3958
41.0577    1.37946
41.1538    14.8707
41.25    27.8058
41.3462    37.3975
41.4423    40.8819
41.5385    36.2713
41.6346    23.1131
41.7308    2.96867
41.8269    -20.6385
41.9231    -42.9029
42.0192    -58.9179
42.1154    -65.0171
42.2115    -59.8407
42.3077    -44.7471
42.4038    -23.4088
42.5    -0.714428
42.5962    18.6502
42.6923    31.4633
42.7885    36.6598
42.8846    35.2714
42.9808    29.7085
43.0769    22.7106
43.1731    16.3761
43.2692    11.6092
43.3654    8.12064
43.4615    4.89367
43.5577    0.859136
43.6538    -4.52126
43.75    -10.9825
43.8462    -17.5574
43.9423    -22.9573
44.0385    -26.0402
44.1346    -26.1748
44.2308    -23.3817
44.3269    -18.245
44.4231    -11.6763
44.5192    -4.65308
44.6154    1.96987
44.7115    7.53694
44.8077    11.5799
44.9038    13.7786
45    13.9527
45.0962    12.1063
45.1923    8.50488
45.2885    3.73009
45.3846    -1.3438
45.4808    -5.68078
45.5769    -8.30632
45.6731    -8.56398
45.7692    -6.32281
45.8654    -2.05858
45.9615    3.23267
46.0577    8.27749
46.1538    11.8591
46.25    13.1427
46.3462    11.8895
46.4423    8.49001
46.5385    3.80624
46.6346    -1.122
46.7308    -5.40264
46.8269    -8.53488
46.9231    -10.4879
47.0192    -11.5966
47.1154    -12.3285
47.2115    -13.0249
47.3077    -13.7278
47.4038    -14.1633
47.5    -13.8836
47.5962    -12.4995
47.6923    -9.89567
47.7885    -6.33263
47.8846    -2.38764
47.9808    1.23843
48.0769    3.9645
48.1731    5.51926
48.2692    6.00158
48.3654    5.7949
48.4615    5.38322
48.5577    5.15491
48.6538    5.27802
48.75    5.69121
48.8462    6.19761
48.9423    6.60382
49.0385    6.83137
49.1346    6.94846
49.2308    7.11273
49.3269    7.45941
49.4231    7.99312
49.5192    8.53694
49.6154    8.76368
49.7115    8.29782
49.8077    6.84723
49.9038    4.31517
50    0.853409
50.0962    -3.15916
50.1923    -7.20257
50.2885    -10.7387
50.3846    -13.3361
50.4808    -14.7631
50.5769    -15.0271
50.6731    -14.3501
50.7692    -13.0875
50.8654    -11.6131
50.9615    -10.2056
51.0577    -8.97572
51.1538    -7.85896
51.25    -6.67972
51.3462    -5.26017
51.4423    -3.5271
51.5385    -1.56678
51.6346    0.401699
51.7308    2.12622
51.8269    3.44911
51.9231    4.39798
52.0192    5.18824
52.1154    6.12561
52.2115    7.44713
52.3077    9.17486
52.4038    11.0571
52.5    12.6355
52.5962    13.4184
52.6923    13.0855
52.7885    11.633
52.8846    9.38833
52.9808    6.88504
53.0769    4.65146
53.1731    3.00765
53.2692    1.95942
53.3654    1.23226
53.4615    0.422211
53.5577    -0.810837
53.6538    -2.5959
53.75    -4.80875
53.8462    -7.13942
53.9423    -9.22223
54.0385    -10.7594
54.1346    -11.5839
54.2308    -11.6504
54.3269    -10.9819
54.4231    -9.62289
54.5192    -7.6332
54.6154    -5.12317
54.7115    -2.29737
54.8077    0.538358
54.9038    3.03117
55    4.88287
55.0962    5.95004
55.1923    6.28617
55.2885    6.09558
55.3846    5.6169
55.4808    4.99631
55.5769    4.22232
55.6731    3.16435
55.7692    1.70143
55.8654    -0.127026
55.9615    -2.03688
56.0577    -3.54288
56.1538    -4.12873
56.25    -3.47405
56.3462    -1.63181
56.4423    0.934665
56.5385    3.4837
56.6346    5.24663
56.7308    5.69259
56.8269    4.69613
56.9231    2.54423
57.0192    -0.20529
57.1154    -2.9371
57.2115    -5.16449
57.3077    -6.61695
57.4038    -7.21859
57.5    -7.00393
57.5962    -6.04229
57.6923    -4.42122
57.7885    -2.28958
57.8846    0.0868847
57.9808    2.32102
58.0769    3.98723
58.1731    4.77332
58.2692    4.63147
58.3654    3.84252
58.4615    2.94026
58.5577    2.50922
58.6538    2.93644
58.75    4.2287
58.8462    5.98388
58.9423    7.53624
59.0385    8.21581
59.1346    7.60923
59.2308    5.71048
59.3269    2.90333
59.4231    -0.204973
59.5192    -3.01465
59.6154    -5.12522
59.7115    -6.41424
59.8077    -6.99106
59.9038    -7.07305
60    -6.85993
60.0962    -6.46792
60.1923    -5.94093
60.2885    -5.30964
60.3846    -4.645
60.4808    -4.06296
60.5769    -3.67272
60.6731    -3.49898
60.7692    -3.42771
60.8654    -3.21452
60.9615    -2.56185
61.0577    -1.2351
61.1538    0.831764
61.25    3.48518
61.3462    6.37332
61.4423    9.02742
61.5385    10.9711
61.6346    11.825
61.7308    11.3849
61.8269    9.6686
61.9231    6.93002
62.0192    3.6364
62.1154    0.400409
62.2115    -2.13921
62.3077    -3.47538
62.4038    -3.38937
62.5    -2.04786
62.5962    0.0134518
62.6923    2.03827
62.7885    3.29467
62.8846    3.33121
62.9808    2.14153
63.0769    0.16275
63.1731    -1.90075
63.2692    -3.36062
63.3654    -3.81777
63.4615    -3.30963
63.5577    -2.27028
63.6538    -1.32517
63.75    -1.01489
63.8462    -1.57126
63.9423    -2.84011
64.0385    -4.37474
64.1346    -5.64583
64.2308    -6.26524
64.3269    -6.12376
64.4231    -5.39103
64.5192    -4.39442
64.6154    -3.44726
64.7115    -2.71173
64.8077    -2.15485
64.9038    -1.60482
65    -0.866911
65.0962    0.163518
65.1923    1.4424
65.2885    2.79051
65.3846    3.96114
65.4808    4.72421
65.5769    4.93116
65.6731    4.54424
65.7692    3.63377
65.8654    2.35787
65.9615    0.93665
66.0577    -0.377487
66.1538    -1.33795
66.25    -1.75259
66.3462    -1.53352
66.4423    -0.728599
66.5385    0.485578
66.6346    1.85543
66.7308    3.13117
66.8269    4.1433
66.9231    4.83922
67.0192    5.26235
67.1154    5.48463
67.2115    5.52909
67.3077    5.32586
67.4038    4.72901
67.5    3.58934
67.5962    1.84815
67.6923    -0.396288
67.7885    -2.8852
67.8846    -5.26367
67.9808    -7.1845
68.0769    -8.40532
68.1731    -8.83908
68.2692    -8.54363
68.3654    -7.66698
68.4615    -6.38337
68.5577    -4.85312
68.6538    -3.21869
68.75    -1.62501
68.8462    -0.237003
68.9423    0.768916
69.0385    1.24389
69.1346    1.11968
69.2308    0.447804
69.3269    -0.597088
69.4231    -1.75336
69.5192    -2.73229
69.6154    -3.27751
69.7115    -3.20597
69.8077    -2.42816
69.9038    -0.957982
70    1.07603
70.0962    3.41934
70.1923    5.69686
70.2885    7.45892
70.3846    8.27884
70.4808    7.88499
70.5769    6.28071
70.6731    3.79391
70.7692    1.01654
70.8654    -1.36153
70.9615    -2.76956
71.0577    -2.93855
71.1538    -1.97298
71.25    -0.281101
71.3462    1.60238
71.4423    3.21886
71.5385    4.32153
71.6346    4.88921
71.7308    5.02754
71.8269    4.82483
71.9231    4.25168
72.0192    3.16626
72.1154    1.42562
72.2115    -0.959332
72.3077    -3.71729
72.4038    -6.33069
72.5    -8.18214
72.5962    -8.77548
72.6923    -7.93212
72.7885    -5.87147
72.8846    -3.13786
72.9808    -0.408047
73.0769    1.7337
73.1731    2.95787
73.2692    3.23213
73.3654    2.74872
73.4615    1.79432
73.5577    0.635803
73.6538    -0.52862
73.75    -1.55173
73.8462    -2.29332
73.9423    -2.60202
74.0385    -2.35148
74.1346    -1.51676
74.2308    -0.241841
74.3269    1.15502
74.4231    2.26245
74.5192    2.71979
74.6154    2.36188
74.7115    1.29606
74.8077    -0.12756
74.9038    -1.44129
75    -2.22477
75.0962    -2.23925
75.1923    -1.48138
75.2885    -0.149834
75.3846    1.44164
75.4808    2.95489
75.5769    4.08606
75.6731    4.58902
75.7692    4.28771
75.8654    3.1061
75.9615    1.12302
76.0577    -1.37469
76.1538    -3.88781
76.25    -5.78759
76.3462    -6.48492
76.4423    -5.63483
76.5385    -3.29219
76.6346    0.0583065
76.7308    3.62775
76.8269    6.56587
76.9231    8.22842
77.0192    8.36311
77.1154    7.14426
77.2115    5.05388
77.3077    2.67331
77.4038    0.481243
77.5    -1.26084
77.5962    -2.50723
77.6923    -3.34061
77.7885    -3.86447
77.8846    -4.13655
77.9808    -4.16769
78.0769    -3.96535
78.1731    -3.57506
78.2692    -3.08094
78.3654    -2.56046
78.4615    -2.02598
78.5577    -1.4021
78.6538    -0.569643
78.75    0.534543
78.8462    1.81444
78.9423    2.97537
79.0385    3.59047
79.1346    3.26193
79.2308    1.81152
79.3269    -0.590245
79.4231    -3.42645
79.5192    -5.98017
79.6154    -7.57028
79.7115    -7.78006
79.8077    -6.58488
79.9038    -4.33296
80    -1.59885
80.0962    1.018
80.1923    3.06378
80.2885    4.31149
80.3846    4.74555
80.4808    4.48769
80.5769    3.71906
80.6731    2.63692
80.7692    1.44918
80.8654    0.379341
80.9615    -0.351139
81.0577    -0.576178
81.1538    -0.254064
81.25    0.489819
81.3462    1.38394
81.4423    2.10141
81.5385    2.38612
81.6346    2.15454
81.7308    1.5199
81.8269    0.723632
81.9231    0.00828303
82.0192    -0.50062
82.1154    -0.83893
82.2115    -1.1492
82.3077    -1.55747
82.4038    -2.0536
82.5    -2.45037
82.5962    -2.45685
82.6923    -1.83922
82.7885    -0.588904
82.8846    0.995384
82.9808    2.37001
83.0769    2.94259
83.1731    2.32311
83.2692    0.51786
83.3654    -2.02651
83.4615    -4.55721
83.5577    -6.27762
83.6538    -6.63123
83.75    -5.49311
83.8462    -3.19708
83.9423    -0.398467
84.0385    2.16164
84.1346    3.89213
84.2308    4.50215
84.3269    4.02742
84.4231    2.75003
84.5192    1.06721
84.6154    -0.62985
84.7115    -2.02888
84.8077    -2.91857
84.9038    -3.1834
85    -2.80028
85.0962    -1.85015
85.1923    -0.533982
85.2885    0.833313
85.3846    1.87413
85.4808    2.24583
85.5769    1.7578
85.6731    0.461473
85.7692    -1.33121
85.8654    -3.12082
85.9615    -4.36808
86.0577    -4.6663
86.1538    -3.87504
86.25    -2.16455
86.3462    0.0458409
86.4423    2.23068
86.5385    3.92718
86.6346    4.86662
86.7308    5.02311
86.8269    4.57059
86.9231    3.77648
87.0192    2.88422
87.1154    2.03648
87.2115    1.26711
87.3077    0.554498
87.4038    -0.101111
87.5    -0.625366
87.5962    -0.877115
87.6923    -0.717444
87.7885    -0.107137
87.8846    0.820904
87.9808    1.76116
88.0769    2.32194
88.1731    2.17067
88.2692    1.17687
88.3654    -0.513812
88.4615    -2.51461
88.5577    -4.33292
88.6538    -5.55026
88.75    -5.96852
88.8462    -5.65861
88.9423    -4.89296
89.0385    -3.99881
89.1346    -3.20622
89.2308    -2.56531
89.3269    -1.96969
89.4231    -1.26703
89.5192    -0.391322
89.6154    0.559931
89.7115    1.35053
89.8077    1.72333
89.9038    1.54905
90    0.923282
90.0962    0.15296
90.1923    -0.370071
90.2885    -0.349224
90.3846    0.273916
90.4808    1.29011
90.5769    2.32645
90.6731    3.03463
90.7692    3.26851
90.8654    3.15754
90.9615    3.03369
91.0577    3.24397
91.1538    3.94092
91.25    4.95913
91.3462    5.84638
91.4423    6.04383
91.5385    5.13618
91.6346    3.05704
91.7308    0.153633
91.8269    -2.92059
91.9231    -5.43922
92.0192    -6.86119
92.1154    -7.00693
92.2115    -6.08662
92.3077    -4.58258
92.4038    -3.04763
92.5    -1.9086
92.5962    -1.34894
92.6923    -1.30034
92.7885    -1.52452
92.8846    -1.73442
92.9808    -1.70167
93.0769    -1.31678
93.1731    -0.597146
93.2692    0.341719
93.3654    1.33025
93.4615    2.18927
93.5577    2.76932
93.6538    2.98345
93.75    2.83003
93.8462    2.3968
93.9423    1.83872
94.0385    1.33024
94.1346    1.00657
94.2308    0.918051
94.3269    1.01939
94.4231    1.20001
94.5192    1.3407
94.6154    1.36676
94.7115    1.26926
94.8077    1.0843
94.9038    0.845439
95    0.541942
95.0962    0.113783
95.1923    -0.507783
95.2885    -1.33488
95.3846    -2.2738
95.4808    -3.12943
95.5769    -3.67314
95.6731    -3.74695
95.7692    -3.35007
95.8654    -2.65687
95.9615    -1.94656
96.0577    -1.47228
96.1538    -1.33268
96.25    -1.41374
96.3462    -1.43624
96.4423    -1.09092
96.5385    -0.196424
96.6346    1.19893
96.7308    2.82428
96.8269    4.29948
96.9231    5.29766
97.0192    5.67551
97.1154    5.50829
97.2115    5.01819
97.3077    4.44099
97.4038    3.90715
97.5    3.40078
97.5962    2.81326
97.6923    2.05212
97.7885    1.13362
97.8846    0.197857
97.9808    -0.567653
98.0769    -1.05245
98.1731    -1.31798
98.2692    -1.59568
98.3654    -2.17306
98.4615    -3.21803
98.5577    -4.63466
98.6538    -6.03736
98.75    -6.87572
98.8462    -6.66487
98.9423    -5.21733
99.0385    -2.76303
99.1346    0.107264
99.2308    2.65745
99.3269    4.28632
99.4231    4.74744
99.5192    4.21218
99.6154    3.15471
99.7115    2.12018
99.8077    1.48828
99.9038    1.33852
100    1.46813
100.096    1.53777
100.192    1.26192
100.288    0.548805
100.385    -0.470875
100.481    -1.52585
100.577    -2.34238
100.673    -2.76325
100.769    -2.79188
100.865    -2.5511
100.962    -2.19146
101.058    -1.80462
101.154    -1.38691
101.25    -0.864564
101.346    -0.157487
101.442    0.759583
101.538    1.83174
101.635    2.94282
101.731    3.96066
101.827    4.77844
101.923    5.32938
102.019    5.57252
102.115    5.46678
102.212    4.95773
102.308    3.99185
102.404    2.55414
102.5    0.708771
102.596    -1.38116
102.692    -3.46817
102.788    -5.26509
102.885    -6.24623
102.981    -5.76459
103.077    -5.41949
103.173    -4.47965
103.269    -3.01067
103.365    -1.12654
103.462    0.968173
103.558    2.94957
103.654    4.39955
103.75    4.90327
103.846    4.19704
103.942    2.30777
104.038    -0.387115
104.135    -3.22654
104.231    -5.45418
104.327    -6.46652
104.423    -6.0251
104.519    -4.34525
104.615    -2.02174
104.712    0.181699
104.808    1.5964
104.904    1.86451
105    1.02904
105.096    -0.524411
105.192    -2.23673
105.288    -3.57993
105.385    -4.21888
105.481    -4.08084
105.577    -3.32682
105.673    -2.25545
105.769    -1.18628
105.865    -0.363026
105.962    0.095988
106.058    0.69734
106.154    0.468236
106.25    0.127442
106.346    0.554754
106.442    1.01027
106.538    1.29718
106.635    1.14271
106.731    1.98309
106.827    2.0326
106.923    1.20085
107.019    1.58196
107.115    1.38119
107.212    0.6063
107.308    -0.488672
107.404    -1.50917
107.5    -2.08636
107.596    -2.02703
107.692    -1.38052
107.788    -0.47472
107.885    -0.00877438
107.981    0.361185
108.077    0.335207
108.173    0.0506789
108.269    -0.250801
108.365    -0.348161
108.462    -0.140414
108.558    0.321794
108.654    0.877559
108.75    1.3102
108.846    0.134021
108.942    -0.0303455
109.038    -0.207499
109.135    -0.347002
109.231    -0.454455
109.327    -0.446603
109.423    0.234126
109.519    0.325133
109.615    0.325085
109.712    0.17983
109.808    -0.224074
109.904    -0.223443
110    -0.0796007
110.096    0.132522
110.192    0.28659
110.288    0.275426
110.385    0.0781644
110.481    -0.214526
110.577    -0.43526
110.673    -0.421096
110.769    -0.125801
110.865    1.05802
110.962    0.105422
111.058    -0.0198982
111.154    -0.061884
111.25    -0.0752945
111.346    -0.0407418
111.442    0.0361901
111.538    0.119788
111.635    0.154654
111.731    0.0893391
111.827    -0.0965237
111.923    -0.3744
112.019    -0.668132
112.115    -0.835417
112.212    0
112.308    0
112.404    0
112.5    0
112.596    0
112.692    0
112.788    0
112.885    0
112.981    0
113.077    0
113.173    0
113.269    0
113.365    0
113.462    0
113.558    0
113.654    0
113.75    0
113.846    0
113.942    0
114.038    0
114.135    0
114.231    0
114.327    0
114.423    0
114.519    0
114.615    0
114.712    0
114.808    0
114.904    0
115    0
115.096    0
115.192    0
115.288    0
115.385    0
115.481    0
115.577    0
115.673    0
115.769    0
115.865    0
115.962    0
116.058    0
116.154    0
116.25    0
116.346    0
116.442    0
116.538    0
116.635    0
116.731    0
116.827    0
116.923    0
117.019    0
117.115    0
117.212    0
117.308    0
117.404    0
117.5    0
117.596    0
117.692    0
117.788    0
117.885    0
117.981    0
118.077    0
118.173    0
118.269    0
118.365    0
118.462    0
118.558    0
118.654    0
118.75    0
118.846    0
118.942    0
119.038    0
119.135    0
119.231    0
119.327    0
119.423    0
119.519    0
119.615    0
119.712    0
119.808    0
119.904    0
120    0
120.096    0
120.192    0
120.288    0
120.385    0
120.481    0
120.577    0
120.673    0
120.769    0
120.865    0
120.962    0
121.058    0
121.154    0
121.25    0
121.346    0
121.442    0
121.538    0
121.635    0
121.731    0
121.827    0
121.923    0
122.019    0
122.115    0
122.212    0
122.308    0
122.404    0
122.5    0
122.596    0
122.692    0
122.788    0
122.885    0
122.981    0
123.077    0
123.173    0
123.269    0
123.365    0
123.462    0
123.558    0
123.654    0
123.75    0
123.846    0
123.942    0
124.038    0
124.135    0
124.231    0
124.327    0
124.423    0
124.519    0
124.615    0
124.712    0
124.808    0
124.904    0
125    0
