-25    0
-24.9038    0
-24.8077    0
-24.7115    0
-24.6154    0
-24.5192    0
-24.4231    0
-24.3269    0
-24.2308    0
-24.1346    0
-24.0385    0
-23.9423    0
-23.8462    0
-23.75    0
-23.6538    0
-23.5577    0
-23.4615    0
-23.3654    0
-23.2692    0
-23.1731    0
-23.0769    0
-22.9808    0
-22.8846    0
-22.7885    0
-22.6923    0
-22.5962    0
-22.5    0
-22.4038    0
-22.3077    0
-22.2115    0
-22.1154    0
-22.0192    0
-21.9231    0
-21.8269    0
-21.7308    0
-21.6346    0
-21.5385    0
-21.4423    0
-21.3462    0
-21.25    0
-21.1538    0
-21.0577    0
-20.9615    0
-20.8654    0
-20.7692    0
-20.6731    0
-20.5769    0
-20.4808    0
-20.3846    0
-20.2885    0
-20.1923    0
-20.0962    0
-20    0
-19.9038    0
-19.8077    0
-19.7115    0
-19.6154    0
-19.5192    0
-19.4231    0
-19.3269    0
-19.2308    0
-19.1346    0
-19.0385    0
-18.9423    0
-18.8462    0
-18.75    0
-18.6538    0
-18.5577    0
-18.4615    0
-18.3654    0
-18.2692    0
-18.1731    0
-18.0769    0
-17.9808    0
-17.8846    0
-17.7885    0
-17.6923    0
-17.5962    0
-17.5    0
-17.4038    0
-17.3077    0
-17.2115    0
-17.1154    0
-17.0192    0
-16.9231    0
-16.8269    0
-16.7308    0
-16.6346    0
-16.5385    0
-16.4423    0
-16.3462    0
-16.25    0
-16.1538    0
-16.0577    0
-15.9615    0
-15.8654    0
-15.7692    0
-15.6731    0
-15.5769    0
-15.4808    0
-15.3846    0
-15.2885    0
-15.1923    0
-15.0962    0
-15    0
-14.9038    0
-14.8077    0
-14.7115    0
-14.6154    0
-14.5192    0
-14.4231    0
-14.3269    0
-14.2308    0
-14.1346    0
-14.0385    0
-13.9423    0
-13.8462    0
-13.75    0
-13.6538    0
-13.5577    0
-13.4615    0
-13.3654    0
-13.2692    0
-13.1731    0
-13.0769    0
-12.9808    0
-12.8846    0
-12.7885    0
-12.6923    0
-12.5962    0
-12.5    0
-12.4038    0
-12.3077    0
-12.2115    0
-12.1154    0
-12.0192    0
-11.9231    0
-11.8269    0
-11.7308    0
-11.6346    0
-11.5385    0
-11.4423    0
-11.3462    0
-11.25    0
-11.1538    0
-11.0577    0
-10.9615    0
-10.8654    0
-10.7692    0
-10.6731    0
-10.5769    0
-10.4808    0
-10.3846    0
-10.2885    0
-10.1923    0
-10.0962    0
-10    0
-9.90385    0
-9.80769    0
-9.71154    0
-9.61538    0
-9.51923    0
-9.42308    0
-9.32692    0
-9.23077    0
-9.13462    0
-9.03846    0
-8.94231    0
-8.84615    0
-8.75    0
-8.65385    0
-8.55769    0
-8.46154    0
-8.36538    0
-8.26923    0
-8.17308    0
-8.07692    0
-7.98077    0
-7.88462    0
-7.78846    0
-7.69231    0
-7.59615    0
-7.5    0
-7.40385    0
-7.30769    0
-7.21154    0
-7.11538    0
-7.01923    0
-6.92308    0
-6.82692    0
-6.73077    0
-6.63462    0
-6.53846    0
-6.44231    0
-6.34615    0
-6.25    0
-6.15385    0
-6.05769    0
-5.96154    0
-5.86538    0
-5.76923    0
-5.67308    0
-5.57692    0
-5.48077    0
-5.38462    0
-5.28846    0
-5.19231    0
-5.09615    0
-5    0
-4.90385    0
-4.80769    0
-4.71154    0
-4.61538    0
-4.51923    0
-4.42308    0
-4.32692    0
-4.23077    0
-4.13462    0
-4.03846    0
-3.94231    0
-3.84615    0
-3.75    0
-3.65385    0
-3.55769    0
-3.46154    0
-3.36538    0
-3.26923    0
-3.17308    0
-3.07692    0
-2.98077    0
-2.88462    0
-2.78846    0
-2.69231    0
-2.59615    0
-2.5    0
-2.40385    0
-2.30769    0
-2.21154    0
-2.11538    0
-2.01923    0
-1.92308    0
-1.82692    0
-1.73077    0
-1.63462    0
-1.53846    0
-1.44231    0
-1.34615    0
-1.25    0
-1.15385    0
-1.05769    0
-0.961538    0
-0.865385    0
-0.769231    0
-0.673077    0
-0.576923    0
-0.480769    0
-0.384615    0
-0.288462    0
-0.192308    0
-0.0961538    0
-3.19744e-14    0
0.0961538    0
0.192308    0
0.288462    0
0.384615    0
0.480769    0
0.576923    0
0.673077    0
0.769231    0
0.865385    0
0.961538    0
1.05769    0
1.15385    0
1.25    0
1.34615    0
1.44231    0
1.53846    0
1.63462    0
1.73077    0
1.82692    0
1.92308    0
2.01923    0
2.11538    0
2.21154    0
2.30769    -0.920061
2.40385    -1.2166
2.5    -1.50083
2.59615    -1.52462
2.69231    -1.33842
2.78846    -1.04811
2.88462    -0.763222
2.98077    -0.550976
3.07692    -0.415681
3.17308    -0.309702
3.26923    -0.166803
3.36538    0.0606315
3.46154    0.37845
3.55769    0.750403
3.65385    1.11698
3.75    1.42097
3.84615    1.62615
3.94231    1.72182
4.03846    1.7149
4.13462    1.61825
4.23077    1.44402
4.32692    1.20602
4.42308    0.927331
4.51923    0.645293
4.61538    0.406873
4.71154    0.253727
4.80769    0.20344
4.90385    0.237341
5    0.303017
5.09615    0.332412
5.19231    0.268089
5.28846    0.085669
5.38462    -0.197729
5.48077    -0.531971
5.57692    -0.853723
5.67308    -1.10689
5.76923    -1.25416
5.86538    0.279143
5.96154    0.439521
6.05769    0.700832
6.15385    0.497613
6.25    3.37299
6.34615    4.01396
6.44231    4.28331
6.53846    4.00268
6.63462    3.27082
6.73077    2.13414
6.82692    2.09978
6.92308    0.690336
7.01923    -0.550824
7.11538    -3.63203
7.21154    -3.85984
7.30769    -3.50454
7.40385    -2.56261
7.5    -1.43915
7.59615    -0.546905
7.69231    -0.162173
7.78846    -0.346817
7.88462    -0.960373
7.98077    -2.3872
8.07692    -3.19132
8.17308    -3.67571
8.26923    -4.12654
8.36538    -3.56247
8.46154    -2.75586
8.55769    -1.8345
8.65385    -0.992087
8.75    -2.48061
8.84615    -2.31371
8.94231    -2.27486
9.03846    -2.11152
9.13462    -1.87618
9.23077    -1.69186
9.32692    -1.67488
9.42308    -1.853
9.51923    -2.12387
9.61538    -2.28115
9.71154    -2.10304
9.80769    -1.46599
9.90385    0.902859
10    2.17743
10.0962    3.23018
10.1923    3.54
10.2885    3.00927
10.3846    1.83936
10.4808    0.479713
10.5769    -0.523127
10.6731    -0.722634
10.7692    0.0586046
10.8654    1.65354
10.9615    4.29216
11.0577    5.59359
11.1538    5.77821
11.25    4.83598
11.3462    2.94557
11.4423    0.641454
11.5385    -1.46015
11.6346    -2.87489
11.7308    -3.39582
11.8269    -3.12325
11.9231    -2.38108
12.0192    -1.5649
12.1154    -2.69489
12.2115    -2.70526
12.3077    -2.64177
12.4038    -2.4149
12.5    -1.92402
12.5962    -1.21346
12.6923    -0.428721
12.7885    0.252281
12.8846    0.691555
12.9808    0.82819
13.0769    0.667053
13.1731    0.236744
13.2692    -0.446822
13.3654    -1.3794
13.4615    -2.5239
13.5577    -3.74832
13.6538    -4.7919
13.75    -5.29892
13.8462    -4.92845
13.9423    -3.50561
14.0385    -1.14868
14.1346    1.6962
14.2308    4.34903
14.3269    6.10094
14.4231    6.45994
14.5192    5.34126
14.6154    3.1207
14.7115    0.520986
14.8077    -1.63189
14.9038    -2.69152
15    -2.40495
15.0962    -0.977391
15.1923    1.03193
15.2885    2.93444
15.3846    4.16329
15.4808    4.45135
15.5769    3.87317
15.6731    2.74887
15.7692    1.46604
15.8654    0.306481
15.9615    -0.645016
16.0577    -1.47557
16.1538    -2.32529
16.25    -3.24108
16.3462    -4.08204
16.4423    -4.53043
16.5385    -4.21229
16.6346    -2.87876
16.7308    -0.567497
16.8269    2.33357
16.9231    5.15967
17.0192    7.16329
17.1154    7.76069
17.2115    6.73787
17.3077    4.33507
17.4038    1.17471
17.5    -1.94314
17.5962    -4.30247
17.6923    -5.49382
17.7885    -5.5174
17.8846    -4.7335
17.9808    -3.68618
18.0769    -2.87338
18.1731    -2.55473
18.2692    -2.66959
18.3654    -2.89192
18.4615    -2.79363
18.5577    -2.04573
18.6538    -0.574878
18.75    1.38694
18.8462    3.37673
18.9423    4.86633
19.0385    5.45248
19.1346    4.99723
19.2308    3.66771
19.3269    1.86613
19.4231    0.0833482
19.5192    -1.26366
19.6154    -1.9497
19.7115    -1.97672
19.8077    -1.52508
19.9038    -0.851698
20    -0.18266
20.0962    0.356937
20.1923    0.755338
20.2885    1.07558
20.3846    1.39366
20.4808    1.74649
20.5769    2.11243
20.6731    2.42758
20.7692    2.62314
20.8654    2.65998
20.9615    2.54142
21.0577    2.29863
21.1538    1.95869
21.25    1.51513
21.3462    0.919358
21.4423    0.101153
21.5385    -0.988192
21.6346    -2.32825
21.7308    -3.79884
21.8269    -5.18249
21.9231    -6.20395
22.0192    -6.5977
22.1154    -6.18438
22.2115    -4.93373
22.3077    -2.99416
22.4038    -0.676632
22.5    1.60812
22.5962    3.44806
22.6923    4.54098
22.7885    4.7868
22.8846    4.32869
22.9808    3.51984
23.0769    2.81384
23.1731    2.60398
23.2692    3.06225
23.3654    4.03958
23.4615    5.07741
23.5577    5.54486
23.6538    4.86771
23.75    2.77165
23.8462    -0.555066
23.9423    -4.45531
24.0385    -7.97443
24.1346    -10.1612
24.2308    -10.393
24.3269    -8.60234
24.4231    -5.31166
24.5192    -1.45776
24.6154    1.93202
24.7115    4.08747
24.8077    4.73324
24.9038    4.12786
25    2.89781
25.0962    1.7447
25.1923    1.15304
25.2885    1.21982
25.3846    1.66898
25.4808    2.0306
25.5769    1.89344
25.6731    1.11282
25.7692    -0.11772
25.8654    -1.356
25.9615    -2.1127
26.0577    -2.06774
26.1538    -1.20326
26.25    0.201661
26.3462    1.7035
26.4423    2.88652
26.5385    3.52518
26.6346    3.64717
26.7308    3.47782
26.8269    3.3014
26.9231    3.30958
27.0192    3.50706
27.1154    3.71334
27.2115    3.65296
27.3077    3.08871
27.4038    1.93651
27.5    0.313808
27.5962    -1.4954
27.6923    -3.14039
27.7885    -4.32602
27.8846    -4.91017
27.9808    -4.94213
28.0769    -4.63121
28.1731    -4.25919
28.2692    -4.06795
28.3654    -4.16016
28.4615    -4.44715
28.5577    -4.66463
28.6538    -4.45668
28.75    -3.50653
28.8462    -1.67376
28.9423    0.911033
29.0385    3.83495
29.1346    6.49153
29.2308    8.25024
29.3269    8.65435
29.4231    7.57737
29.5192    5.27781
29.6154    2.3273
29.7115    -0.564918
29.8077    -2.76678
29.9038    -3.8979
30    -3.90265
30.0962    -3.005
30.1923    -1.57906
30.2885    -0.00113871
30.3846    1.45058
30.4808    2.61563
30.5769    3.40337
30.6731    3.7276
30.7692    3.48
30.8654    2.57144
30.9615    1.02406
31.0577    -0.942389
31.1538    -2.89577
31.25    -4.28485
31.3462    -4.62222
31.4423    -3.68555
31.5385    -1.64361
31.6346    0.962897
31.7308    3.39427
31.8269    4.9759
31.9231    5.34452
32.0192    4.57056
32.1154    3.10268
32.2115    1.55988
32.3077    0.464374
32.4038    0.0339021
32.5    0.122103
32.5962    0.325693
32.6923    0.20054
32.7885    -0.51788
32.8846    -1.78999
32.9808    -3.29299
33.0769    -4.56565
33.1731    -5.20004
33.2692    -4.9889
33.3654    -3.96846
33.4615    -2.35453
33.5577    -0.42221
33.6538    1.59823
33.75    3.5568
33.8462    5.34431
33.9423    6.81905
34.0385    7.76154
34.1346    7.9024
34.2308    7.02368
34.3269    5.08619
34.4231    2.31263
34.5192    -0.828705
34.6154    -3.7475
34.7115    -5.91567
34.8077    -7.03238
34.9038    -7.0963
35    -6.35528
35.0962    -5.16269
35.1923    -3.81387
35.2885    -2.44303
35.3846    -1.02641
35.4808    0.519277
35.5769    2.20444
35.6731    3.87874
35.7692    5.24126
35.8654    5.94893
35.9615    5.76953
36.0577    4.69984
36.1538    2.98579
36.25    1.03089
36.3462    -0.7631
36.4423    -2.14509
36.5385    -3.08073
36.6346    -3.70701
36.7308    -4.20512
36.8269    -4.66307
36.9231    -5.00385
37.0192    -5.01787
37.1154    -4.48189
37.2115    -3.29868
37.3077    -1.58024
37.4038    0.373128
37.5    2.18961
37.5962    3.57834
37.6923    4.43762
37.7885    4.86257
37.8846    5.0505
37.9808    5.15879
38.0769    5.19722
38.1731    5.0192
38.2692    4.42188
38.3654    3.30276
38.4615    1.78385
38.5577    0.224766
38.6538    -0.899122
38.75    -1.20618
38.8462    -0.606818
38.9423    0.611328
39.0385    1.86468
39.1346    2.49638
39.2308    2.04645
39.3269    0.449868
39.4231    -1.92549
39.5192    -4.4166
39.6154    -6.31498
39.7115    -7.11798
39.8077    -6.67752
39.9038    -5.19595
40    -3.09169
40.0962    -0.812501
40.1923    1.3131
40.2885    3.12769
40.3846    4.59729
40.4808    5.71062
40.5769    6.3898
40.6731    6.46003
40.7692    5.6883
40.8654    3.86662
40.9615    0.903289
41.0577    -3.10379
41.1538    -7.81786
41.25    -12.6351
41.3462    -16.686
41.4423    -18.8978
41.5385    -18.1637
41.6346    -13.6401
41.7308    -5.13282
41.8269    6.54557
41.9231    19.4229
42.0192    30.574
42.1154    36.7427
42.2115    35.2668
42.3077    25.0355
42.4038    7.12581
42.5    -15.176
42.5962    -37.0737
42.6923    -53.52
42.7885    -60.649
42.8846    -56.897
42.9808    -43.4182
43.0769    -23.6494
43.1731    -2.18802
43.2692    16.6046
43.3654    29.7787
43.4615    36.3646
43.5577    37.207
43.6538    34.2228
43.75    29.446
43.8462    24.2569
43.9423    19.0689
44.0385    13.5157
44.1346    6.96974
44.2308    -0.895946
44.3269    -9.76549
44.4231    -18.6851
44.5192    -26.3692
44.6154    -31.6357
44.7115    -33.7656
44.8077    -32.6519
44.9038    -28.7199
45    -22.7048
45.0962    -15.4198
45.1923    -7.61462
45.2885    0.0475725
45.3846    6.9455
45.4808    12.469
45.5769    16.064
45.6731    17.3555
45.7692    16.2933
45.8654    13.2381
45.9615    8.92793
46.0577    4.31842
46.1538    0.350484
46.25    -2.27149
46.3462    -3.21555
46.4423    -2.53933
46.5385    -0.606283
46.6346    2.04769
46.7308    4.842
46.8269    7.2416
46.9231    8.80867
47.0192    9.23534
47.1154    8.37599
47.2115    6.27979
47.3077    3.20475
47.4038    -0.411562
47.5    -4.03567
47.5962    -7.15974
47.6923    -9.42047
47.7885    -10.6687
47.8846    -10.9617
47.9808    -10.4841
48.0769    -9.43819
48.1731    -7.95754
48.2692    -6.08566
48.3654    -3.82726
48.4615    -1.24066
48.5577    1.48301
48.6538    4.00397
48.75    5.90143
48.8462    6.80403
48.9423    6.53008
49.0385    5.17673
49.1346    3.11689
49.2308    0.901093
49.3269    -0.899896
49.4231    -1.85299
49.5192    -1.76576
49.6154    -0.704086
49.7115    1.06991
49.8077    3.20443
49.9038    5.36125
50    7.27745
50.0962    8.77157
50.1923    9.70869
50.2885    9.95752
50.3846    9.37416
50.4808    7.83163
50.5769    5.28837
50.6731    1.86497
50.7692    -2.11258
50.8654    -6.13666
50.9615    -9.61751
51.0577    -12.0345
51.1538    -13.0892
51.25    -12.8025
51.3462    -11.5139
51.4423    -9.77544
51.5385    -8.17327
51.6346    -7.13941
51.7308    -6.82033
51.8269    -7.04855
51.9231    -7.42261
52.0192    -7.45991
52.1154    -6.76184
52.2115    -5.13201
52.3077    -2.61349
52.4038    0.552154
52.5    4.01197
52.5962    7.39221
52.6923    10.3614
52.7885    12.6585
52.8846    14.1007
52.9808    14.5907
53.0769    14.1335
53.1731    12.8539
53.2692    10.9908
53.3654    8.8502
53.4615    6.71887
53.5577    4.76989
53.6538    3.00525
53.75    1.27421
53.8462    -0.628159
53.9423    -2.82055
54.0385    -5.22135
54.1346    -7.52623
54.2308    -9.30428
54.3269    -10.181
54.4231    -10.0266
54.5192    -9.0547
54.6154    -7.77018
54.7115    -6.77396
54.8077    -6.50204
54.9038    -7.01648
55    -7.94902
55.0962    -8.63349
55.1923    -8.37717
55.2885    -6.75607
55.3846    -3.80576
55.4808    -0.025152
55.5769    3.80587
55.6731    6.91212
55.7692    8.78748
55.8654    9.32967
55.9615    8.80233
56.0577    7.66104
56.1538    6.33751
56.25    5.08403
56.3462    3.93998
56.4423    2.81551
56.5385    1.63059
56.6346    0.426064
56.7308    -0.613675
56.8269    -1.23533
56.9231    -1.24575
57.0192    -0.625889
57.1154    0.429015
57.2115    1.5631
57.3077    2.38119
57.4038    2.58253
57.5    2.05092
57.5962    0.871024
57.6923    -0.723953
57.7885    -2.44051
57.8846    -4.00863
57.9808    -5.23322
58.0769    -6.00691
58.1731    -6.2967
58.2692    -6.12296
58.3654    -5.54346
58.4615    -4.6442
58.5577    -3.53036
58.6538    -2.31135
58.75    -1.08017
58.8462    0.10503
58.9423    1.22744
59.0385    2.30109
59.1346    3.34699
59.2308    4.36653
59.3269    5.32305
59.4231    6.13719
59.5192    6.69469
59.6154    6.86144
59.7115    6.50273
59.8077    5.50886
59.9038    3.83093
60    1.52578
60.0962    -1.20304
60.1923    -3.99236
60.2885    -6.35992
60.3846    -7.80822
60.4808    -7.97308
60.5769    -6.76912
60.6731    -4.47013
60.7692    -1.67597
60.8654    0.842533
60.9615    2.37801
61.0577    2.51805
61.1538    1.28469
61.25    -0.875438
61.3462    -3.24853
61.4423    -5.09663
61.5385    -5.89054
61.6346    -5.44504
61.7308    -3.91543
61.8269    -1.67646
61.9231    0.847214
62.0192    3.31773
62.1154    5.5344
62.2115    7.39567
62.3077    8.81797
62.4038    9.67593
62.5    9.81034
62.5962    9.10575
62.6923    7.59401
62.7885    5.51826
62.8846    3.30642
62.9808    1.4479
63.0769    0.318618
63.1731    0.0312167
63.2692    0.382698
63.3654    0.93075
63.4615    1.17267
63.5577    0.753427
63.6538    -0.385278
63.75    -1.97853
63.8462    -3.54536
63.9423    -4.58409
64.0385    -4.7747
64.1346    -4.10626
64.2308    -2.88113
64.3269    -1.59824
64.4231    -0.765377
64.5192    -0.714236
64.6154    -1.4864
64.7115    -2.82704
64.8077    -4.28138
64.9038    -5.3528
65    -5.66408
65.0962    -5.06773
65.1923    -3.67418
65.2885    -1.7972
65.3846    0.157033
65.4808    1.81541
65.5769    2.93642
65.6731    3.45414
65.7692    3.46146
65.8654    3.1473
65.9615    2.7163
66.0577    2.32149
66.1538    2.03149
66.25    1.8382
66.3462    1.6947
66.4423    1.56279
66.5385    1.44863
66.6346    1.41195
66.7308    1.54669
66.8269    1.94157
66.9231    2.63619
67.0192    3.58778
67.1154    4.65994
67.2115    5.63731
67.3077    6.26433
67.4038    6.30063
67.5    5.58203
67.5962    4.07245
67.6923    1.89156
67.7885    -0.694538
67.8846    -3.32362
67.9808    -5.61929
68.0769    -7.28188
68.1731    -8.15826
68.2692    -8.26452
68.3654    -7.75234
68.4615    -6.83307
68.5577    -5.69296
68.6538    -4.43789
68.75    -3.09274
68.8462    -1.65289
68.9423    -0.15732
69.0385    1.2609
69.1346    2.38223
69.2308    2.97224
69.3269    2.88747
69.4231    2.1631
69.5192    1.03298
69.6154    -0.137131
69.7115    -0.979574
69.8077    -1.26089
69.9038    -0.960677
70    -0.256475
70.0962    0.575709
70.1923    1.29313
70.2885    1.78231
70.3846    2.07171
70.4808    2.25961
70.5769    2.40377
70.6731    2.44204
70.7692    2.19766
70.8654    1.47545
70.9615    0.201789
71.0577    -1.46981
71.1538    -3.15413
71.25    -4.34924
71.3462    -4.62695
71.4423    -3.81248
71.5385    -2.06736
71.6346    0.16559
71.7308    2.32995
71.8269    3.95694
71.9231    4.8078
72.0192    4.89937
72.1154    4.41723
72.2115    3.57816
72.3077    2.52403
72.4038    1.30328
72.5    -0.061596
72.5962    -1.47717
72.6923    -2.73021
72.7885    -3.53668
72.8846    -3.67758
72.9808    -3.15032
73.0769    -2.24066
73.1731    -1.45113
73.2692    -1.2937
73.3654    -2.03195
73.4615    -3.49807
73.5577    -5.08832
73.6538    -5.96333
73.75    -5.38218
73.8462    -3.0304
73.9423    0.803821
74.0385    5.28856
74.1346    9.32287
74.2308    11.9149
74.3269    12.5085
74.4231    11.1329
74.5192    8.33039
74.6154    4.91363
74.7115    1.66929
74.8077    -0.870526
74.9038    -2.51315
75    -3.34622
75.0962    -3.59558
75.1923    -3.4845
75.2885    -3.15697
75.3846    -2.68025
75.4808    -2.09657
75.5769    -1.4747
75.6731    -0.923596
75.7692    -0.562865
75.8654    -0.473866
75.9615    -0.666154
76.0577    -1.08067
76.1538    -1.62534
76.25    -2.21756
76.3462    -2.80506
76.4423    -3.35282
76.5385    -3.8084
76.6346    -4.07479
76.7308    -4.01743
76.8269    -3.51191
76.9231    -2.51187
77.0192    -1.10046
77.1154    0.507438
77.2115    2.02155
77.3077    3.17054
77.4038    3.79391
77.5    3.89167
77.5962    3.61306
77.6923    3.19434
77.7885    2.87703
77.8846    2.84097
77.9808    3.17179
78.0769    3.86041
78.1731    4.81699
78.2692    5.88213
78.3654    6.83237
78.4615    7.39334
78.5577    7.28017
78.6538    6.2731
78.75    4.31211
78.8462    1.57167
78.9423    -1.52905
79.0385    -4.4061
79.1346    -6.46867
79.2308    -7.30367
79.3269    -6.81605
79.4231    -5.26517
79.5192    -3.17795
79.6154    -1.17054
79.7115    0.251232
79.8077    0.83482
79.9038    0.61658
80    -0.152517
80.0962    -1.14652
80.1923    -2.10103
80.2885    -2.88726
80.3846    -3.49955
80.4808    -3.97671
80.5769    -4.30824
80.6731    -4.38095
80.7692    -3.99877
80.8654    -2.97044
80.9615    -1.22565
81.0577    1.09563
81.1538    3.62678
81.25    5.84755
81.3462    7.22725
81.4423    7.39004
81.5385    6.24463
81.6346    4.03126
81.7308    1.2669
81.8269    -1.3965
81.9231    -3.3568
82.0192    -4.2306
82.1154    -3.95207
82.2115    -2.7702
82.3077    -1.14707
82.4038    0.405932
82.5    1.49507
82.5962    1.95486
82.6923    1.8645
82.7885    1.46985
82.8846    1.04847
82.9808    0.778225
83.0769    0.666531
83.1731    0.569192
83.2692    0.286001
83.3654    -0.315241
83.4615    -1.20778
83.5577    -2.19325
83.6538    -2.97461
83.75    -3.28026
83.8462    -2.9805
83.9423    -2.14167
84.0385    -0.994507
84.1346    0.165023
84.2308    1.09196
84.3269    1.67019
84.4231    1.91897
84.5192    1.9341
84.6154    1.8038
84.7115    1.5504
84.8077    1.1322
84.9038    0.503559
85    -0.303651
85.0962    -1.12937
85.1923    -1.7041
85.2885    -1.73997
85.3846    -1.05766
85.4808    0.310016
85.5769    2.09072
85.6731    3.84167
85.7692    5.09201
85.8654    5.50189
85.9615    4.97412
86.0577    3.67471
86.1538    1.95792
86.25    0.23038
86.3462    -1.18907
86.4423    -2.15946
86.5385    -2.72763
86.6346    -3.06183
86.7308    -3.34162
86.8269    -3.6512
86.9231    -3.91934
87.0192    -3.93029
87.1154    -3.40458
87.2115    -2.1236
87.3077    -0.0549705
87.4038    2.56899
87.5    5.2569
87.5962    7.36119
87.6923    8.258
87.7885    7.55201
87.8846    5.23524
87.9808    1.73491
88.0769    -2.1823
88.1731    -5.63026
88.2692    -7.87757
88.3654    -8.5769
88.4615    -7.86031
88.5577    -6.25975
88.6538    -4.48142
88.75    -3.12427
88.8462    -2.45796
88.9423    -2.35147
89.0385    -2.37853
89.1346    -2.04837
89.2308    -1.05574
89.3269    0.563067
89.4231    2.43668
89.5192    4.02148
89.6154    4.84374
89.7115    4.71041
89.8077    3.79558
89.9038    2.56855
90    1.60085
90.0962    1.33979
90.1923    1.9441
90.2885    3.2421
90.3846    4.81534
90.4808    6.15874
90.5769    6.84537
90.6731    6.63572
90.7692    5.50711
90.8654    3.61715
90.9615    1.23689
91.0577    -1.31236
91.1538    -3.70318
91.25    -5.63223
91.3462    -6.8508
91.4423    -7.20344
91.5385    -6.66726
91.6346    -5.37242
91.7308    -3.58556
91.8269    -1.65241
91.9231    0.0838875
92.0192    1.35956
92.1154    2.03529
92.2115    2.09934
92.3077    1.6393
92.4038    0.805604
92.5    -0.213506
92.5962    -1.20198
92.6923    -1.92516
92.7885    -2.15874
92.8846    -1.74694
92.9808    -0.675096
93.0769    0.878875
93.1731    2.55424
93.2692    3.89702
93.3654    4.51032
93.4615    4.20937
93.5577    3.11169
93.6538    1.61215
93.75    0.240732
93.8462    -0.544956
93.9423    -0.545778
94.0385    0.0968657
94.1346    0.962651
94.2308    1.5343
94.3269    1.42268
94.4231    0.538185
94.5192    -0.864415
94.6154    -2.28481
94.7115    -3.17488
94.8077    -3.15093
94.9038    -2.13485
95    -0.373472
95.0962    1.66154
95.1923    3.44415
95.2885    4.56495
95.3846    4.84223
95.4808    4.34422
95.5769    3.32999
95.6731    2.14251
95.7692    1.09555
95.8654    0.388185
95.9615    0.0651085
96.0577    0.0257861
96.1538    0.0741965
96.25    -0.00572542
96.3462    -0.368946
96.4423    -1.04574
96.5385    -1.91798
96.6346    -2.74887
96.7308    -3.26248
96.8269    -3.24832
96.9231    -2.65089
97.0192    -1.60423
97.1154    -0.39036
97.2115    0.667338
97.3077    1.33345
97.4038    1.55575
97.5    1.48118
97.5962    1.38142
97.6923    1.51928
97.7885    2.01627
97.8846    2.78333
97.9808    3.54888
98.0769    3.97308
98.1731    3.79684
98.2692    2.95802
98.3654    1.62264
98.4615    0.119067
98.5577    -1.19308
98.6538    -2.05949
98.75    -2.41481
98.8462    -2.38235
98.9423    -2.19801
99.0385    -2.09826
99.1346    -2.22196
99.2308    -2.56282
99.3269    -2.98257
99.4231    -3.26895
99.5192    -3.20991
99.6154    -2.6577
99.7115    -1.56942
99.8077    -0.0227269
99.9038    1.7893
100    3.58252
100.096    5.02762
100.192    5.81862
100.288    5.75465
100.385    4.81262
100.481    3.17983
100.577    1.22248
100.673    -0.612205
100.769    -1.93222
100.865    -2.5254
100.962    -2.42025
101.058    -1.85387
101.154    -1.15774
101.25    -0.609696
101.346    -0.317986
101.442    -0.190162
101.538    -0.00105746
101.635    0.472412
101.731    1.31377
101.827    2.39292
101.923    3.39242
102.019    3.92439
102.115    3.68715
102.212    2.59315
102.308    0.838195
102.404    -0.0572167
102.5    -1.71508
102.596    -3.10116
102.692    -3.95358
102.788    -4.1646
102.885    -3.79278
102.981    -3.02311
103.077    -2.09545
103.173    -1.22837
103.269    -0.56228
103.365    -0.135458
103.462    0.105057
103.558    0.266103
103.654    0.458775
103.75    0.752769
103.846    1.14882
103.942    1.57791
104.038    1.92781
104.135    2.08825
104.231    1.99853
104.327    1.67904
104.423    1.23245
104.519    0.811663
104.615    0.565232
104.712    0.581382
104.808    0.854142
104.904    1.28662
105    1.73091
105.096    2.04784
105.192    2.1606
105.288    2.0789
105.385    1.88411
105.481    1.68388
105.577    1.55933
105.673    1.5307
105.769    1.55726
105.865    1.53188
105.962    -0.0898782
106.058    -0.226863
106.154    -0.200777
106.25    -0.234181
106.346    -2.39289
106.442    -2.13954
106.538    -1.55462
106.635    -0.900307
106.731    -0.584922
106.827    -0.604757
106.923    -2.06057
107.019    -2.34666
107.115    -2.35296
107.212    -0.371975
107.308    -0.274947
107.404    -0.272999
107.5    -0.379919
107.596    -0.601091
107.692    -0.916031
107.788    -1.26498
107.885    -1.55262
107.981    -1.58027
108.077    -0.815644
108.173    -0.430067
108.269    -0.0631868
108.365    0.362436
108.462    0.0845352
108.558    -0.529453
108.654    -1.31722
108.75    -1.95545
108.846    -0.129452
108.942    -0.0543824
109.038    0.0602637
109.135    0.138749
109.231    0.121798
109.327    0.00511267
109.423    -0.147778
109.519    -0.228142
109.615    -0.132492
109.712    0.181976
109.808    0.664812
109.904    1.18135
110    0.139879
110.096    0.169126
110.192    0.0912285
110.288    -0.0640665
110.385    -0.21096
110.481    -0.2468
110.577    -0.108449
110.673    0.182347
110.769    0.510659
110.865    0.706946
110.962    0.599305
111.058    -0.271863
111.154    -0.0872648
111.25    -0.0964539
111.346    -0.0408513
111.442    0.0708049
111.538    0.187299
111.635    0.225712
111.731    0.103106
111.827    -0.221843
111.923    -0.716155
112.019    -1.26712
112.115    -1.53562
112.212    -0.172962
112.308    0
112.404    0
112.5    0
112.596    0
112.692    0
112.788    0
112.885    0
112.981    0
113.077    0
113.173    0
113.269    0
113.365    0
113.462    0
113.558    0
113.654    0
113.75    0
113.846    0
113.942    0
114.038    0
114.135    0
114.231    0
114.327    0
114.423    0
114.519    0
114.615    0
114.712    0
114.808    0
114.904    0
115    0
115.096    0
115.192    0
115.288    0
115.385    0
115.481    0
115.577    0
115.673    0
115.769    0
115.865    0
115.962    0
116.058    0
116.154    0
116.25    0
116.346    0
116.442    0
116.538    0
116.635    0
116.731    0
116.827    0
116.923    0
117.019    0
117.115    0
117.212    0
117.308    0
117.404    0
117.5    0
117.596    0
117.692    0
117.788    0
117.885    0
117.981    0
118.077    0
118.173    0
118.269    0
118.365    0
118.462    0
118.558    0
118.654    0
118.75    0
118.846    0
118.942    0
119.038    0
119.135    0
119.231    0
119.327    0
119.423    0
119.519    0
119.615    0
119.712    0
119.808    0
119.904    0
120    0
120.096    0
120.192    0
120.288    0
120.385    0
120.481    0
120.577    0
120.673    0
120.769    0
120.865    0
120.962    0
121.058    0
121.154    0
121.25    0
121.346    0
121.442    0
121.538    0
121.635    0
121.731    0
121.827    0
121.923    0
122.019    0
122.115    0
122.212    0
122.308    0
122.404    0
122.5    0
122.596    0
122.692    0
122.788    0
122.885    0
122.981    0
123.077    0
123.173    0
123.269    0
123.365    0
123.462    0
123.558    0
123.654    0
123.75    0
123.846    0
123.942    0
124.038    0
124.135    0
124.231    0
124.327    0
124.423    0
124.519    0
124.615    0
124.712    0
124.808    0
124.904    0
125    0
