-25    0
-24.9038    0
-24.8077    0
-24.7115    0
-24.6154    0
-24.5192    0
-24.4231    0
-24.3269    0
-24.2308    0
-24.1346    0
-24.0385    0
-23.9423    0
-23.8462    0
-23.75    0
-23.6538    0
-23.5577    0
-23.4615    0
-23.3654    0
-23.2692    0
-23.1731    0
-23.0769    0
-22.9808    0
-22.8846    0
-22.7885    0
-22.6923    0
-22.5962    0
-22.5    0
-22.4038    0
-22.3077    0
-22.2115    0
-22.1154    0
-22.0192    0
-21.9231    0
-21.8269    0
-21.7308    0
-21.6346    0
-21.5385    0
-21.4423    0
-21.3462    0
-21.25    0
-21.1538    0
-21.0577    0
-20.9615    0
-20.8654    0
-20.7692    0
-20.6731    0
-20.5769    0
-20.4808    0
-20.3846    0
-20.2885    0
-20.1923    0
-20.0962    0
-20    0
-19.9038    0
-19.8077    0
-19.7115    0
-19.6154    0
-19.5192    0
-19.4231    0
-19.3269    0
-19.2308    0
-19.1346    0
-19.0385    0
-18.9423    0
-18.8462    0
-18.75    0
-18.6538    0
-18.5577    0
-18.4615    0
-18.3654    0
-18.2692    0
-18.1731    0
-18.0769    0
-17.9808    0
-17.8846    0
-17.7885    0
-17.6923    0
-17.5962    0
-17.5    0
-17.4038    0
-17.3077    0
-17.2115    0
-17.1154    0
-17.0192    0
-16.9231    0
-16.8269    0
-16.7308    0
-16.6346    0
-16.5385    0
-16.4423    0
-16.3462    0
-16.25    0
-16.1538    0
-16.0577    0
-15.9615    0
-15.8654    0
-15.7692    0
-15.6731    0
-15.5769    0
-15.4808    0
-15.3846    0
-15.2885    0
-15.1923    0
-15.0962    0
-15    0
-14.9038    0
-14.8077    0
-14.7115    0
-14.6154    0
-14.5192    0
-14.4231    0
-14.3269    0
-14.2308    0
-14.1346    0
-14.0385    0
-13.9423    0
-13.8462    0
-13.75    0
-13.6538    0
-13.5577    0
-13.4615    0
-13.3654    0
-13.2692    0
-13.1731    0
-13.0769    0
-12.9808    0
-12.8846    0
-12.7885    0
-12.6923    0
-12.5962    0
-12.5    0
-12.4038    0
-12.3077    0
-12.2115    0
-12.1154    0
-12.0192    0
-11.9231    0
-11.8269    0
-11.7308    0
-11.6346    0
-11.5385    0
-11.4423    0
-11.3462    0
-11.25    0
-11.1538    0
-11.0577    0
-10.9615    0
-10.8654    0
-10.7692    0
-10.6731    0
-10.5769    0
-10.4808    0
-10.3846    0
-10.2885    0
-10.1923    0
-10.0962    0
-10    0
-9.90385    0
-9.80769    0
-9.71154    0
-9.61538    0
-9.51923    0
-9.42308    0
-9.32692    0
-9.23077    0
-9.13462    0
-9.03846    0
-8.94231    0
-8.84615    0
-8.75    0
-8.65385    0
-8.55769    0
-8.46154    0
-8.36538    0
-8.26923    0
-8.17308    0
-8.07692    0
-7.98077    0
-7.88462    0
-7.78846    0
-7.69231    0
-7.59615    0
-7.5    0
-7.40385    0
-7.30769    0
-7.21154    0
-7.11538    0
-7.01923    0
-6.92308    0
-6.82692    0
-6.73077    0
-6.63462    0
-6.53846    0
-6.44231    0
-6.34615    0
-6.25    0
-6.15385    0
-6.05769    0
-5.96154    0
-5.86538    0
-5.76923    0
-5.67308    0
-5.57692    0
-5.48077    0
-5.38462    0
-5.28846    0
-5.19231    0
-5.09615    0
-5    0
-4.90385    0
-4.80769    0
-4.71154    0
-4.61538    0
-4.51923    0
-4.42308    0
-4.32692    0
-4.23077    0
-4.13462    0
-4.03846    0
-3.94231    0
-3.84615    0
-3.75    0
-3.65385    0
-3.55769    0
-3.46154    0
-3.36538    0
-3.26923    0
-3.17308    0
-3.07692    0
-2.98077    0
-2.88462    0
-2.78846    0
-2.69231    0
-2.59615    0
-2.5    0
-2.40385    0
-2.30769    0
-2.21154    0
-2.11538    0
-2.01923    0
-1.92308    0
-1.82692    0
-1.73077    0
-1.63462    0
-1.53846    0
-1.44231    0
-1.34615    0
-1.25    0
-1.15385    0
-1.05769    0
-0.961538    0
-0.865385    0
-0.769231    0
-0.673077    0
-0.576923    0
-0.480769    0
-0.384615    0
-0.288462    0
-0.192308    0
-0.0961538    0
-3.19744e-14    0
0.0961538    0
0.192308    0
0.288462    0
0.384615    0
0.480769    0
0.576923    0
0.673077    0
0.769231    -0.0355386
0.865385    -0.33285
0.961538    -0.628294
1.05769    -0.898703
1.15385    -1.07902
1.25    -1.14047
1.34615    -1.09049
1.44231    -0.95488
1.53846    -0.754089
1.63462    -0.487951
1.73077    -0.137635
1.82692    0.316245
1.92308    0.869577
2.01923    1.47836
2.11538    2.05983
2.21154    2.51228
2.30769    2.7454
2.40385    2.70844
2.5    2.4047
2.59615    1.88763
2.69231    1.24202
2.78846    0.559165
2.88462    -0.0842147
2.98077    -0.637362
3.07692    -1.07647
3.17308    -1.39887
3.26923    -1.61509
3.36538    -1.74182
3.46154    -1.79627
3.55769    -1.79128
3.65385    -1.73099
3.75    -1.60869
3.84615    -1.4098
3.94231    -1.12098
4.03846    -0.7436
4.13462    -0.305423
4.23077    0.136709
4.32692    -0.00558702
4.42308    2.01182
4.51923    2.87108
4.61538    3.46634
4.71154    3.58755
4.80769    3.29693
4.90385    3.28348
5    2.5072
5.09615    1.57708
5.19231    0.569751
5.28846    -0.401588
5.38462    -1.53171
5.48077    -1.92838
5.57692    -1.95773
5.67308    -1.66979
5.76923    -1.23002
5.86538    -0.852046
5.96154    -0.732341
6.05769    -0.980993
6.15385    -1.57384
6.25    -2.84691
6.34615    -3.12996
6.44231    -3.16692
6.53846    -2.61337
6.63462    -1.45789
6.73077    1.76647
6.82692    3.03505
6.92308    3.92132
7.01923    4.39145
7.11538    4.47171
7.21154    4.19286
7.30769    3.5713
7.40385    2.63527
7.5    1.47495
7.59615    0.275072
7.69231    -0.705754
7.78846    -1.21573
7.88462    -1.12008
7.98077    -0.485709
8.07692    0.41078
8.17308    2.64178
8.26923    3.00036
8.36538    2.55638
8.46154    1.2047
8.55769    -0.688078
8.65385    -2.5717
8.75    -3.93057
8.84615    -4.48234
8.94231    -4.26859
9.03846    -3.60009
9.13462    -2.88814
9.23077    -2.93743
9.32692    -2.18191
9.42308    -1.70948
9.51923    -1.23777
9.61538    -0.7179
9.71154    -0.247389
9.80769    -0.00888182
9.90385    -0.167094
10    -0.750835
10.0962    -1.58942
10.1923    -2.34859
10.2885    -2.6607
10.3846    -1.64822
10.4808    -0.760279
10.5769    0.400643
10.6731    1.44054
10.7692    2.00884
10.8654    1.9382
10.9615    0.450095
11.0577    -0.393059
11.1538    -0.786781
11.25    -0.277509
11.3462    1.26232
11.4423    3.58977
11.5385    6.14667
11.6346    8.22499
11.7308    9.1817
11.8269    8.63016
11.9231    6.55024
12.0192    3.29124
12.1154    -1.03407
12.2115    -4.8608
12.3077    -7.76066
12.4038    -9.13275
12.5    -8.76928
12.5962    -6.87499
12.6923    -4.00767
12.7885    -0.915637
12.8846    1.68295
12.9808    3.30808
13.0769    3.84105
13.1731    3.51741
13.2692    2.79296
13.3654    2.13699
13.4615    1.83738
13.5577    1.89724
13.6538    2.06276
13.75    1.96411
13.8462    1.30222
13.9423    -0.00355571
14.0385    -1.7706
14.1346    -3.62453
14.2308    -5.14783
14.3269    -6.03446
14.4231    -6.18326
14.5192    -5.69854
14.6154    -4.81178
14.7115    -3.77322
14.8077    -2.76693
14.9038    -1.88149
15    -1.13284
15.0962    -0.509048
15.1923    -0.00116698
15.2885    0.398383
15.3846    0.721161
15.4808    1.04393
15.5769    1.4787
15.6731    2.12488
15.7692    3.00399
15.8654    4.01395
15.9615    4.93496
16.0577    5.49409
16.1538    5.46396
16.25    4.75129
16.3462    3.43416
16.4423    1.732
16.5385    -0.0742064
16.6346    -1.73137
16.7308    -3.07246
16.8269    -4.0238
16.9231    -4.57193
17.0192    -4.72154
17.1154    -4.47586
17.2115    -3.85135
17.3077    -2.91175
17.4038    -1.79035
17.5    -0.674416
17.5962    0.250393
17.6923    0.869584
17.7885    1.183
17.8846    1.2915
17.9808    1.32795
18.0769    1.36748
18.1731    1.36925
18.2692    1.18919
18.3654    0.665895
18.4615    -0.26143
18.5577    -1.46782
18.6538    -2.64473
18.75    -3.40157
18.8462    -3.42619
18.9423    -2.62826
19.0385    -1.19281
19.1346    0.487678
19.2308    1.97434
19.3269    2.9606
19.4231    3.38318
19.5192    3.41394
19.6154    3.34126
19.7115    3.40484
19.8077    3.66916
19.9038    3.99824
20    4.13903
20.0962    3.86373
20.1923    3.09202
20.2885    1.92777
20.3846    0.593661
20.4808    -0.696577
20.5769    -1.85424
20.6731    -2.95324
20.7692    -4.16576
20.8654    -5.62882
20.9615    -7.31374
21.0577    -8.97101
21.1538    -10.1856
21.25    -10.5225
21.3462    -9.69663
21.4423    -7.69145
21.5385    -4.77557
21.6346    -1.41621
21.7308    1.866
21.8269    4.6364
21.9231    6.62827
22.0192    7.75086
22.1154    8.04423
22.2115    7.62049
22.3077    6.62531
22.4038    5.22975
22.5    3.63712
22.5962    2.07976
22.6923    0.789159
22.7885    -0.0552809
22.8846    -0.37511
22.9808    -0.211676
23.0769    0.297941
23.1731    0.977228
23.2692    1.66992
23.3654    2.27315
23.4615    2.73147
23.5577    3.00389
23.6538    3.03384
23.75    2.75005
23.8462    2.10559
23.9423    1.135
24.0385    -0.00879546
24.1346    -1.07086
24.2308    -1.77116
24.3269    -1.91397
24.4231    -1.47862
24.5192    -0.64272
24.6154    0.281629
24.7115    0.975267
24.8077    1.24636
24.9038    1.10809
25    0.761365
25.0962    0.489351
25.1923    0.513227
25.2885    0.877718
25.3846    1.42056
25.4808    1.84014
25.5769    1.82983
25.6731    1.21777
25.7692    0.0511583
25.8654    -1.40872
25.9615    -2.77408
26.0577    -3.66114
26.1538    -3.81158
26.25    -3.1644
26.3462    -1.8628
26.4423    -0.206504
26.5385    1.42617
26.6346    2.66194
26.7308    3.2064
26.8269    2.90134
26.9231    1.76169
27.0192    -0.0144362
27.1154    -2.07157
27.2115    -3.96366
27.3077    -5.25422
27.4038    -5.62632
27.5    -4.96834
27.5962    -3.40476
27.6923    -1.25895
27.7885    1.03954
27.8846    3.06923
27.9808    4.51314
28.0769    5.20919
28.1731    5.1502
28.2692    4.45039
28.3654    3.30459
28.4615    1.95821
28.5577    0.688204
28.6538    -0.22092
28.75    -0.523904
28.8462    -0.0872058
28.9423    1.03402
29.0385    2.55402
29.1346    3.9879
29.2308    4.77019
29.3269    4.43437
29.4231    2.79245
29.5192    0.0408335
29.6154    -3.26035
29.7115    -6.34044
29.8077    -8.45594
29.9038    -9.12719
30    -8.28617
30.0962    -6.28098
30.1923    -3.73895
30.2885    -1.34434
30.3846    0.383559
30.4808    1.2321
30.5769    1.31421
30.6731    0.972271
30.7692    0.617194
30.8654    0.569973
30.9615    0.962354
31.0577    1.72163
31.1538    2.629
31.25    3.41579
31.3462    3.85607
31.4423    3.82526
31.5385    3.31541
31.6346    2.41623
31.7308    1.2805
31.8269    0.0904248
31.9231    -0.967734
32.0192    -1.72331
32.1154    -2.04249
32.2115    -1.85575
32.3077    -1.18784
32.4038    -0.178288
32.5    0.923427
32.5962    1.79888
32.6923    2.13683
32.7885    1.72755
32.8846    0.54587
32.9808    -1.20923
33.0769    -3.14148
33.1731    -4.75259
33.2692    -5.58306
33.3654    -5.35567
33.4615    -4.07242
33.5577    -2.0279
33.6538    0.270898
33.75    2.25526
33.8462    3.46661
33.9423    3.69167
34.0385    3.0158
34.1346    1.77935
34.2308    0.456203
34.3269    -0.500184
34.4231    -0.790396
34.5192    -0.341847
34.6154    0.694385
34.7115    2.01076
34.8077    3.24459
34.9038    4.07936
35    4.32023
35.0962    3.93083
35.1923    3.03071
35.2885    1.85897
35.3846    0.71249
35.4808    -0.130882
35.5769    -0.489319
35.6731    -0.334327
35.7692    0.19293
35.8654    0.81993
35.9615    1.23194
36.0577    1.18625
36.1538    0.609778
36.25    -0.361842
36.3462    -1.42593
36.4423    -2.22454
36.5385    -2.4838
36.6346    -2.12302
36.7308    -1.28664
36.8269    -0.285302
36.9231    0.527269
37.0192    0.886537
37.1154    0.701771
37.2115    0.0617476
37.3077    -0.830055
37.4038    -1.74933
37.5    -2.5231
37.5962    -3.04832
37.6923    -3.26057
37.7885    -3.08854
37.8846    -2.43879
37.9808    -1.23584
38.0769    0.495805
38.1731    2.55521
38.2692    4.55116
38.3654    5.98359
38.4615    6.40537
38.5577    5.6026
38.6538    3.71137
38.75    1.20905
38.8462    -1.22874
38.9423    -2.95313
39.0385    -3.5573
39.1346    -2.99375
39.2308    -1.54998
39.3269    0.296863
39.4231    2.07315
39.5192    3.4615
39.6154    4.35318
39.7115    4.79566
39.8077    4.88395
39.9038    4.66755
40    4.12781
40.0962    3.23326
40.1923    2.03103
40.2885    0.706964
40.3846    -0.438747
40.4808    -1.10804
40.5769    -1.16673
40.6731    -0.771127
40.7692    -0.384028
40.8654    -0.64722
40.9615    -2.13922
41.0577    -5.09968
41.1538    -9.22358
41.25    -13.611
41.3462    -16.911
41.4423    -17.6383
41.5385    -14.592
41.6346    -7.27229
41.7308    3.81429
41.8269    17.0566
41.9231    29.9095
42.0192    39.3427
42.1154    42.5101
42.2115    37.5084
42.3077    24.0342
42.4038    3.73078
42.5    -19.9387
42.5962    -42.3405
42.6923    -58.7313
42.7885    -65.468
42.8846    -61.0125
42.9808    -46.4044
43.0769    -25.016
43.1731    -1.63259
43.2692    18.8738
43.3654    32.8568
43.4615    38.7762
43.5577    37.3713
43.6538    31.1059
43.75    23.1153
43.8462    16.0565
43.9423    11.2763
44.0385    8.56886
44.1346    6.56134
44.2308    3.52187
44.3269    -1.76
44.4231    -9.37503
44.5192    -18.197
44.6154    -26.2918
44.7115    -31.6387
44.8077    -32.858
44.9038    -29.664
45    -22.8878
45.0962    -14.1049
45.1923    -5.05267
45.2885    2.91067
45.3846    9.09916
45.4808    13.4662
45.5769    16.3178
45.6731    17.9493
45.7692    18.398
45.8654    17.4313
45.9615    14.7629
46.0577    10.372
46.1538    4.74644
46.25    -1.09714
46.3462    -5.85713
46.4423    -8.37043
46.5385    -8.041
46.6346    -5.08857
46.7308    -0.505251
46.8269    4.26835
46.9231    7.81854
47.0192    9.19683
47.1154    8.1572
47.2115    5.12205
47.3077    0.924782
47.4038    -3.53524
47.5    -7.57097
47.5962    -10.8176
47.6923    -13.1669
47.7885    -14.6067
47.8846    -15.0798
47.9808    -14.4529
48.0769    -12.6088
48.1731    -9.59953
48.2692    -5.75901
48.3654    -1.6923
48.4615    1.8753
48.5577    4.32966
48.6538    5.37484
48.75    5.11985
48.8462    4.00778
48.9423    2.62617
49.0385    1.49088
49.1346    0.900285
49.2308    0.911555
49.3269    1.42383
49.4231    2.30077
49.5192    3.45487
49.6154    4.85063
49.7115    6.44001
49.8077    8.08723
49.9038    9.54542
50    10.5119
50.0962    10.7362
50.1923    10.1165
50.2885    8.7236
50.3846    6.73464
50.4808    4.31635
50.5769    1.53613
50.6731    -1.63142
50.7692    -5.19065
50.8654    -8.96358
50.9615    -12.4868
51.0577    -15.0588
51.1538    -15.9594
51.25    -14.764
51.3462    -11.6085
51.4423    -7.25831
51.5385    -2.91248
51.6346    0.202155
51.7308    1.2862
51.8269    0.273986
51.9231    -2.14924
52.0192    -4.83203
52.1154    -6.61894
52.2115    -6.78626
52.3077    -5.26464
52.4038    -2.56694
52.5    0.519832
52.5962    3.31332
52.6923    5.49983
52.7885    7.1694
52.8846    8.63209
52.9808    10.1364
53.0769    11.6529
53.1731    12.8407
53.2692    13.2093
53.3654    12.3836
53.4615    10.3237
53.5577    7.38389
53.6538    4.17973
53.75    1.33557
53.8462    -0.758023
53.9423    -2.05951
54.0385    -2.8204
54.1346    -3.40539
54.2308    -4.09559
54.3269    -4.97853
54.4231    -5.96972
54.5192    -6.93059
54.6154    -7.79424
54.7115    -8.61207
54.8077    -9.48845
54.9038    -10.4438
55    -11.2959
55.0962    -11.6451
55.1923    -10.9951
55.2885    -8.96274
55.3846    -5.47889
55.4808    -0.8793
55.5769    4.16471
55.6731    8.84752
55.7692    12.4732
55.8654    14.6381
55.9615    15.2854
56.0577    14.6321
56.1538    13.0274
56.25    10.8224
56.3462    8.30784
56.4423    5.72397
56.5385    3.30101
56.6346    1.27719
56.7308    -0.136748
56.8269    -0.832392
56.9231    -0.868995
57.0192    -0.478188
57.1154    0.010676
57.2115    0.295343
57.3077    0.212796
57.4038    -0.221588
57.5    -0.868936
57.5962    -1.58284
57.6923    -2.31629
57.7885    -3.15252
57.8846    -4.23569
57.9808    -5.63753
58.0769    -7.23797
58.1731    -8.69706
58.2692    -9.54951
58.3654    -9.38657
58.4615    -8.03941
58.5577    -5.672
58.6538    -2.73491
58.75    0.19878
58.8462    2.63565
58.9423    4.30665
59.0385    5.19376
59.1346    5.44367
59.2308    5.23281
59.3269    4.66817
59.4231    3.77897
59.5192    2.59337
59.6154    1.23884
59.7115    -0.0136313
59.8077    -0.809241
59.9038    -0.857611
60    -0.0950565
60.0962    1.23265
60.1923    2.62652
60.2885    3.5186
60.3846    3.50366
60.4808    2.50813
60.5769    0.813823
60.6731    -1.07485
60.7692    -2.65317
60.8654    -3.61779
60.9615    -3.95195
61.0577    -3.86163
61.1538    -3.60849
61.25    -3.33667
61.3462    -2.98853
61.4423    -2.3515
61.5385    -1.20515
61.6346    0.516752
61.7308    2.6402
61.8269    4.78857
61.9231    6.52395
62.0192    7.51779
62.1154    7.66436
62.2115    7.08497
62.3077    6.03115
62.4038    4.74754
62.5    3.37099
62.5962    1.91572
62.6923    0.342421
62.7885    -1.33859
62.8846    -2.99612
62.9808    -4.38323
63.0769    -5.21805
63.1731    -5.29695
63.2692    -4.58148
63.3654    -3.21777
63.4615    -1.48525
63.5577    0.292831
63.6538    1.83211
63.75    2.93182
63.8462    3.48011
63.9423    3.44202
64.0385    2.85525
64.1346    1.84052
64.2308    0.608578
64.3269    -0.56552
64.4231    -1.41657
64.5192    -1.79417
64.6154    -1.74871
64.7115    -1.54085
64.8077    -1.5456
64.9038    -2.07578
65    -3.20175
65.0962    -4.66201
65.1923    -5.92702
65.2885    -6.40739
65.3846    -5.72089
65.4808    -3.89214
65.5769    -1.38013
65.6731    1.09435
65.7692    2.85147
65.8654    3.54678
65.9615    3.31554
66.0577    2.69313
66.1538    2.34507
66.25    2.73374
66.3462    3.8825
66.4423    5.35279
66.5385    6.44729
66.6346    6.54358
66.7308    5.39971
66.8269    3.28747
66.9231    0.89184
67.0192    -0.974988
67.1154    -1.71271
67.2115    -1.17379
67.3077    0.293781
67.4038    2.00807
67.5    3.23628
67.5962    3.47216
67.6923    2.59699
67.7885    0.876238
67.8846    -1.18174
67.9808    -3.02763
68.0769    -4.24762
68.1731    -4.65817
68.2692    -4.3083
68.3654    -3.41603
68.4615    -2.2796
68.5577    -1.19567
68.6538    -0.398667
68.75    -0.0223792
68.8462    -0.0823325
68.9423    -0.482148
69.0385    -1.04898
69.1346    -1.59546
69.2308    -1.99051
69.3269    -2.20919
69.4231    -2.33393
69.5192    -2.4995
69.6154    -2.80439
69.7115    -3.23386
69.8077    -3.64042
69.9038    -3.80051
70    -3.52454
70.0962    -2.76389
70.1923    -1.65296
70.2885    -0.454808
70.3846    0.569444
70.4808    1.30125
70.5769    1.83636
70.6731    2.43913
70.7692    3.39208
70.8654    4.81317
70.9615    6.53867
71.0577    8.14336
71.1538    9.10234
71.25    9.0241
71.3462    7.84149
71.4423    5.86154
71.5385    3.64179
71.6346    1.74724
71.7308    0.504559
71.8269    -0.125679
71.9231    -0.494404
72.0192    -1.05384
72.1154    -2.09672
72.2115    -3.57639
72.3077    -5.09943
72.4038    -6.09673
72.5    -6.09087
72.5962    -4.93046
72.6923    -2.8799
72.7885    -0.523914
72.8846    1.46499
72.9808    2.58649
73.0769    2.68409
73.1731    1.9617
73.2692    0.854789
73.3654    -0.170007
73.4615    -0.790613
73.5577    -0.910561
73.6538    -0.631271
73.75    -0.155001
73.8462    0.317902
73.9423    0.647249
74.0385    0.754568
74.1346    0.593207
74.2308    0.126974
74.3269    -0.656897
74.4231    -1.70623
74.5192    -2.86682
74.6154    -3.88716
74.7115    -4.48069
74.8077    -4.42589
74.9038    -3.65734
75    -2.29932
75.0962    -0.619937
75.1923    1.07524
75.2885    2.55863
75.3846    3.74778
75.4808    4.69223
75.5769    5.49024
75.6731    6.18318
75.7692    6.68694
75.8654    6.79981
75.9615    6.28584
76.0577    4.99313
76.1538    2.94873
76.25    0.384541
76.3462    -2.31667
76.4423    -4.72788
76.5385    -6.48843
76.6346    -7.37495
76.7308    -7.3148
76.8269    -6.3556
76.9231    -4.62257
77.0192    -2.29325
77.1154    0.401812
77.2115    3.16722
77.3077    5.64741
77.4038    7.46851
77.5    8.31629
77.5962    8.02513
77.6923    6.64102
77.7885    4.42902
77.8846    1.81833
77.9808    -0.696389
78.0769    -2.66305
78.1731    -3.75713
78.2692    -3.82696
78.3654    -2.90187
78.4615    -1.17709
78.5577    1.01263
78.6538    3.22965
78.75    4.98959
78.8462    5.84531
78.9423    5.49342
79.0385    3.87716
79.1346    1.24568
79.2308    -1.86694
79.3269    -4.7555
79.4231    -6.72675
79.5192    -7.29656
79.6154    -6.33403
79.7115    -4.10117
79.8077    -1.1736
79.9038    1.72914
80    3.9443
80.0962    5.03231
80.1923    4.8623
80.2885    3.60372
80.3846    1.64343
80.4808    -0.533539
80.5769    -2.461
80.6731    -3.78068
80.7692    -4.29434
80.8654    -3.98162
80.9615    -2.98904
81.0577    -1.59363
81.1538    -0.142795
81.25    1.02446
81.3462    1.66115
81.4423    1.67912
81.5385    1.17565
81.6346    0.405916
81.7308    -0.295046
81.8269    -0.61777
81.9231    -0.376333
82.0192    0.434693
82.1154    1.64316
82.2115    2.95912
82.3077    4.06848
82.4038    4.72712
82.5    4.8247
82.5962    4.4004
82.6923    3.61095
82.7885    2.66654
82.8846    1.75931
82.9808    1.00866
83.0769    0.440203
83.1731    0.00276613
83.2692    -0.385399
83.3654    -0.78076
83.4615    -1.17292
83.5577    -1.47723
83.6538    -1.56913
83.75    -1.34965
83.8462    -0.815559
83.9423    -0.0999435
84.0385    0.543504
84.1346    0.817801
84.2308    0.498705
84.3269    -0.455952
84.4231    -1.85393
84.5192    -3.30562
84.6154    -4.3473
84.7115    -4.60884
84.8077    -3.96028
84.9038    -2.57518
85    -0.880124
85.0962    0.593878
85.1923    1.40075
85.2885    1.33499
85.3846    0.494016
85.4808    -0.772616
85.5769    -1.99982
85.6731    -2.77013
85.7692    -2.83955
85.8654    -2.18545
85.9615    -0.973548
86.0577    0.525923
86.1538    2.02909
86.25    3.30145
86.3462    4.18142
86.4423    4.57599
86.5385    4.44997
86.6346    3.82463
86.7308    2.7855
86.8269    1.48592
86.9231    0.130688
87.0192    -1.06451
87.1154    -1.92615
87.2115    -2.36564
87.3077    -2.39242
87.4038    -2.09344
87.5    -1.59407
87.5962    -1.02515
87.6923    -0.514417
87.7885    -0.200571
87.8846    -0.247219
87.9808    -0.826571
88.0769    -2.05673
88.1731    -3.90703
88.2692    -6.11671
88.3654    -8.18355
88.4615    -9.45951
88.5577    -9.34447
88.6538    -7.51667
88.75    -4.10684
88.8462    0.268731
88.9423    4.65086
89.0385    8.0189
89.1346    9.61188
89.2308    9.16782
89.3269    6.98948
89.4231    3.81378
89.5192    0.54155
89.6154    -2.06215
89.7115    -3.58214
89.8077    -4.01032
89.9038    -3.64572
90    -2.9018
90.0962    -2.11557
90.1923    -1.43834
90.2885    -0.83961
90.3846    -0.199167
90.4808    0.574425
90.5769    1.46333
90.6731    2.3336
90.7692    2.99543
90.8654    3.29054
90.9615    3.15818
91.0577    2.64838
91.1538    1.88253
91.25    0.988955
91.3462    0.0513235
91.4423    -0.903635
91.5385    -1.87678
91.6346    -2.84715
91.7308    -3.73461
91.8269    -4.39923
91.9231    -4.68223
92.0192    -4.47101
92.1154    -3.75771
92.2115    -2.66306
92.3077    -1.41213
92.4038    -0.269627
92.5    0.540896
92.5962    0.90353
92.6923    0.838154
92.7885    0.481685
92.8846    0.031656
92.9808    -0.325264
93.0769    -0.472793
93.1731    -0.3914
93.2692    -0.143909
93.3654    0.170922
93.4615    0.475024
93.5577    0.75175
93.6538    1.05123
93.75    1.45678
93.8462    2.02761
93.9423    2.74631
94.0385    3.50041
94.1346    4.11324
94.2308    4.41543
94.3269    4.32597
94.4231    3.9019
94.5192    3.32578
94.6154    2.82792
94.7115    2.57321
94.8077    2.56489
94.9038    2.61643
95    2.4149
95.0962    1.65793
95.1923    0.207778
95.2885    -1.80719
95.3846    -3.99529
95.4808    -5.81651
95.5769    -6.76738
95.6731    -6.56195
95.7692    -5.23549
95.8654    -3.13151
95.9615    -0.78272
96.0577    1.26071
96.1538    2.58633
96.25    3.00526
96.3462    2.55373
96.4423    1.43331
96.5385    -0.0678265
96.6346    -1.6369
96.7308    -2.97128
96.8269    -3.80017
96.9231    -3.91622
97.0192    -3.22627
97.1154    -1.80466
97.2115    0.087493
97.3077    2.05017
97.4038    3.66365
97.5    4.64119
97.5962    4.94676
97.6923    4.81178
97.7885    4.6246
97.8846    4.72881
97.9808    5.21963
98.0769    5.84213
98.1731    6.05772
98.2692    5.26957
98.3654    3.11753
98.4615    -0.290338
98.5577    -4.32582
98.6538    -8.01001
98.75    -10.3472
98.8462    -10.6887
98.9423    -8.97359
99.0385    -5.7446
99.1346    -1.93384
99.2308    1.48587
99.3269    3.83448
99.4231    4.9066
99.5192    4.93958
99.6154    4.40498
99.7115    3.73594
99.8077    3.12354
99.9038    2.47078
100    1.51138
100.096    0.0201615
100.192    -1.99818
100.288    -4.23835
100.385    -6.17679
100.481    -7.26713
100.577    -7.15744
100.673    -5.83169
100.769    -3.59277
100.865    -0.729101
100.962    1.88683
101.058    3.82091
101.154    4.84028
101.25    4.99784
101.346    4.54371
101.442    3.78675
101.538    2.97212
101.635    2.22102
101.731    1.54244
101.827    0.891848
101.923    0.236121
102.019    -0.409797
102.115    -0.986784
102.212    -1.42409
102.308    -1.67528
102.404    -1.73492
102.5    -1.62834
102.596    -1.38435
102.692    -1.01118
102.788    -0.49341
102.885    0.185192
102.981    1.004
103.077    1.87459
103.173    2.63721
103.269    3.09327
103.365    3.06583
103.462    2.46558
103.558    1.3354
103.654    -0.146168
103.75    -1.70639
103.846    -3.05127
103.942    -3.94459
104.038    -4.26634
104.135    -4.03294
104.231    -3.37658
104.327    -2.63889
104.423    -2.07574
104.519    -2.92542
104.615    -3.12987
104.712    -3.23901
104.808    -3.19225
104.904    -3.02062
105    -3.03263
105.096    -2.24532
105.192    -1.19791
105.288    -0.0258805
105.385    1.04326
105.481    2.08504
105.577    2.29014
105.673    1.96034
105.769    1.19197
105.865    0.192853
105.962    -0.761987
106.058    -1.40023
106.154    -1.53013
106.25    -1.14719
106.346    0.0442655
106.442    0.643942
106.538    1.30312
106.635    1.63838
106.731    1.65558
106.827    0.0373496
106.923    0.171169
107.019    0.288174
107.115    0.322354
107.212    0.242714
107.308    0.0708043
107.404    -0.128307
107.5    -0.274666
107.596    -0.305935
107.692    -0.198425
107.788    0.0307253
107.885    0.337022
107.981    0.667457
108.077    0.973885
108.173    1.03583
108.269    -0.220837
108.365    -0.213923
108.462    -0.0819297
108.558    0.111714
108.654    0.260865
108.75    0.27029
108.846    0.11024
108.942    -0.156586
109.038    -0.392806
109.135    -0.444727
109.231    -0.248588
109.327    0.414285
109.423    0.113191
109.519    0.102692
109.615    0.0294077
109.712    -0.0774713
109.808    -0.1633
109.904    -0.169589
110    -0.0611654
110.096    0.152773
110.192    0.414221
110.288    0.632825
110.385    0.70724
110.481    0.105553
110.577    0.0353177
110.673    -0.140421
110.769    -0.39917
110.865    -0.676309
110.962    -0.724759
111.058    -0.00464871
111.154    0.0280296
111.25    0.0440472
111.346    0.0342223
111.442    0.00659653
111.538    -0.0191923
111.635    -0.0273757
111.731    -0.0220539
111.827    -0.0322908
111.923    -0.0997737
112.019    -0.252436
112.115    -0.381963
112.212    0
112.308    0
112.404    0
112.5    0
112.596    0
112.692    0
112.788    0
112.885    0
112.981    0
113.077    0
113.173    0
113.269    0
113.365    0
113.462    0
113.558    0
113.654    0
113.75    0
113.846    0
113.942    0
114.038    0
114.135    0
114.231    0
114.327    0
114.423    0
114.519    0
114.615    0
114.712    0
114.808    0
114.904    0
115    0
115.096    0
115.192    0
115.288    0
115.385    0
115.481    0
115.577    0
115.673    0
115.769    0
115.865    0
115.962    0
116.058    0
116.154    0
116.25    0
116.346    0
116.442    0
116.538    0
116.635    0
116.731    0
116.827    0
116.923    0
117.019    0
117.115    0
117.212    0
117.308    0
117.404    0
117.5    0
117.596    0
117.692    0
117.788    0
117.885    0
117.981    0
118.077    0
118.173    0
118.269    0
118.365    0
118.462    0
118.558    0
118.654    0
118.75    0
118.846    0
118.942    0
119.038    0
119.135    0
119.231    0
119.327    0
119.423    0
119.519    0
119.615    0
119.712    0
119.808    0
119.904    0
120    0
120.096    0
120.192    0
120.288    0
120.385    0
120.481    0
120.577    0
120.673    0
120.769    0
120.865    0
120.962    0
121.058    0
121.154    0
121.25    0
121.346    0
121.442    0
121.538    0
121.635    0
121.731    0
121.827    0
121.923    0
122.019    0
122.115    0
122.212    0
122.308    0
122.404    0
122.5    0
122.596    0
122.692    0
122.788    0
122.885    0
122.981    0
123.077    0
123.173    0
123.269    0
123.365    0
123.462    0
123.558    0
123.654    0
123.75    0
123.846    0
123.942    0
124.038    0
124.135    0
124.231    0
124.327    0
124.423    0
124.519    0
124.615    0
124.712    0
124.808    0
124.904    0
125    0
