-25    0
-24.9038    0
-24.8077    0
-24.7115    0
-24.6154    0
-24.5192    0
-24.4231    0
-24.3269    0
-24.2308    0
-24.1346    0
-24.0385    0
-23.9423    0
-23.8462    0
-23.75    0
-23.6538    0
-23.5577    0
-23.4615    0
-23.3654    0
-23.2692    0
-23.1731    0
-23.0769    0
-22.9808    0
-22.8846    0
-22.7885    0
-22.6923    0
-22.5962    0
-22.5    0
-22.4038    0
-22.3077    0
-22.2115    0
-22.1154    0
-22.0192    0
-21.9231    0
-21.8269    0
-21.7308    0
-21.6346    0
-21.5385    0
-21.4423    0
-21.3462    0
-21.25    0
-21.1538    0
-21.0577    0
-20.9615    0
-20.8654    0
-20.7692    0
-20.6731    0
-20.5769    0
-20.4808    0
-20.3846    0
-20.2885    0
-20.1923    0
-20.0962    0
-20    0
-19.9038    0
-19.8077    0
-19.7115    0
-19.6154    0
-19.5192    0
-19.4231    0
-19.3269    0
-19.2308    0
-19.1346    0
-19.0385    0
-18.9423    0
-18.8462    0
-18.75    0
-18.6538    0
-18.5577    0
-18.4615    0
-18.3654    0
-18.2692    0
-18.1731    0
-18.0769    0
-17.9808    0
-17.8846    0
-17.7885    0
-17.6923    0
-17.5962    0
-17.5    0
-17.4038    0
-17.3077    0
-17.2115    0
-17.1154    0
-17.0192    0
-16.9231    0
-16.8269    0
-16.7308    0
-16.6346    0
-16.5385    0
-16.4423    0
-16.3462    0
-16.25    0
-16.1538    0
-16.0577    0
-15.9615    0
-15.8654    0
-15.7692    0
-15.6731    0
-15.5769    0
-15.4808    0
-15.3846    0
-15.2885    0
-15.1923    0
-15.0962    0
-15    0
-14.9038    0
-14.8077    0
-14.7115    0
-14.6154    0
-14.5192    0
-14.4231    0
-14.3269    0
-14.2308    0
-14.1346    0
-14.0385    0
-13.9423    0
-13.8462    0
-13.75    0
-13.6538    0
-13.5577    0
-13.4615    0
-13.3654    0
-13.2692    0
-13.1731    0
-13.0769    0
-12.9808    0
-12.8846    0
-12.7885    0
-12.6923    0
-12.5962    0
-12.5    0
-12.4038    0
-12.3077    0
-12.2115    0
-12.1154    0
-12.0192    0
-11.9231    0
-11.8269    0
-11.7308    0
-11.6346    0
-11.5385    0
-11.4423    0
-11.3462    0
-11.25    0
-11.1538    0
-11.0577    0
-10.9615    0
-10.8654    0
-10.7692    0
-10.6731    0
-10.5769    0
-10.4808    0
-10.3846    0
-10.2885    0
-10.1923    0
-10.0962    0
-10    0
-9.90385    0
-9.80769    0
-9.71154    0
-9.61538    0
-9.51923    0
-9.42308    0
-9.32692    0
-9.23077    0
-9.13462    0
-9.03846    0
-8.94231    0
-8.84615    0
-8.75    0
-8.65385    0
-8.55769    0
-8.46154    0
-8.36538    0
-8.26923    0
-8.17308    0
-8.07692    0
-7.98077    0
-7.88462    0
-7.78846    0
-7.69231    0
-7.59615    0
-7.5    0
-7.40385    0
-7.30769    0
-7.21154    0
-7.11538    0
-7.01923    0
-6.92308    0
-6.82692    0
-6.73077    0
-6.63462    0
-6.53846    0
-6.44231    0
-6.34615    0
-6.25    0
-6.15385    0
-6.05769    0
-5.96154    0
-5.86538    0
-5.76923    0
-5.67308    0
-5.57692    0
-5.48077    0
-5.38462    0
-5.28846    0
-5.19231    0
-5.09615    0
-5    0
-4.90385    0
-4.80769    0
-4.71154    0
-4.61538    0
-4.51923    0
-4.42308    0
-4.32692    0
-4.23077    0
-4.13462    0
-4.03846    0
-3.94231    0
-3.84615    0
-3.75    0
-3.65385    0
-3.55769    0
-3.46154    0
-3.36538    0
-3.26923    0
-3.17308    0
-3.07692    0
-2.98077    0
-2.88462    0
-2.78846    0
-2.69231    0
-2.59615    0
-2.5    0
-2.40385    0
-2.30769    0
-2.21154    0
-2.11538    0
-2.01923    0
-1.92308    0
-1.82692    0
-1.73077    0
-1.63462    0
-1.53846    0
-1.44231    0
-1.34615    0
-1.25    0
-1.15385    0
-1.05769    0
-0.961538    0
-0.865385    0
-0.769231    0
-0.673077    0
-0.576923    0
-0.480769    0
-0.384615    0
-0.288462    0
-0.192308    0
-0.0961538    0
3.19744e-14    0
0.0961538    0
0.192308    0
0.288462    0
0.384615    0
0.480769    0
0.576923    0
0.673077    0
0.769231    0
0.865385    0
0.961538    0
1.05769    0
1.15385    0
1.25    0
1.34615    0
1.44231    0
1.53846    0
1.63462    0
1.73077    0
1.82692    0
1.92308    0
2.01923    0
2.11538    0
2.21154    0
2.30769    0
2.40385    0
2.5    -0.616698
2.59615    -0.309956
2.69231    0.00874723
2.78846    0.40486
2.88462    0.848673
2.98077    0.0965458
3.07692    0.485983
3.17308    0.75917
3.26923    1.04089
3.36538    1.19178
3.46154    1.0899
3.55769    0.68574
3.65385    0.0334146
3.75    -0.716031
3.84615    -1.35881
3.94231    -1.70503
4.03846    -1.64357
4.13462    -1.18136
4.23077    -0.442327
4.32692    0.373669
4.42308    1.39926
4.51923    1.97578
4.61538    2.19021
4.71154    2.06291
4.80769    1.70472
4.90385    4.41033
5    3.24258
5.09615    2.03652
5.19231    0.493087
5.28846    -1.04039
5.38462    -2.22822
5.48077    -0.404966
5.57692    -0.332863
5.67308    -0.515076
5.76923    -0.401931
5.86538    -0.490745
5.96154    -0.724613
6.05769    -0.985616
6.15385    -1.1274
6.25    -1.03957
6.34615    -0.686647
6.44231    -2.16502
6.53846    -1.2571
6.63462    -0.176821
6.73077    0.280153
6.82692    1.47388
6.92308    2.39736
7.01923    2.86134
7.11538    3.76033
7.21154    2.52159
7.30769    0.51141
7.40385    -2.01451
7.5    -4.43228
7.59615    -6.10193
7.69231    -6.58839
7.78846    -5.81612
7.88462    -4.09109
7.98077    -1.97922
8.07692    -0.0923856
8.17308    1.12847
8.26923    1.5449
8.36538    1.32031
8.46154    0.800555
8.55769    0.339912
8.65385    0.15499
8.75    0.267674
8.84615    0.550271
8.94231    0.835619
9.03846    1.02712
9.13462    1.15029
9.23077    1.32308
9.32692    1.66694
9.42308    2.21185
9.51923    2.84956
9.61538    3.3632
9.71154    2.2941
9.80769    1.43381
9.90385    0.210097
10    -1.07557
10.0962    -2.08451
10.1923    -2.57601
10.2885    -2.49916
10.3846    -2.00153
10.4808    -1.35403
10.5769    -0.830287
10.6731    1.25708
10.7692    0.995058
10.8654    1.63865
10.9615    1.09448
11.0577    0.707947
11.1538    0.533939
11.25    0.622621
11.3462    0.920544
11.4423    1.31657
11.5385    1.68455
11.6346    1.90375
11.7308    1.86102
11.8269    1.45493
11.9231    0.620721
12.0192    -0.622616
12.1154    -2.70824
12.2115    -3.88162
12.3077    -4.62745
12.4038    -4.58749
12.5    -3.66995
12.5962    -1.97777
12.6923    0.198326
12.7885    2.43763
12.8846    4.28351
12.9808    5.34883
13.0769    5.40576
13.1731    4.43974
13.2692    2.65684
13.3654    0.444558
13.4615    -1.70643
13.5577    -3.30595
13.6538    -3.97449
13.75    -3.537
13.8462    -2.0758
13.9423    0.0767535
14.0385    2.37687
14.1346    3.82816
14.2308    4.44478
14.3269    4.07937
14.4231    2.9277
14.5192    1.36399
14.6154    -0.190344
14.7115    -1.39133
14.8077    -2.05051
14.9038    -2.14959
15    -1.80137
15.0962    -1.18449
15.1923    -0.482029
15.2885    0.156689
15.3846    0.628196
15.4808    0.871385
15.5769    0.862053
15.6731    0.613095
15.7692    0.177804
15.8654    -0.353088
15.9615    -0.868665
16.0577    -1.2687
16.1538    -1.49682
16.25    -1.5592
16.3462    -1.51627
16.4423    -1.44755
16.5385    -1.40463
16.6346    -1.37619
16.7308    -1.28572
16.8269    -1.02826
16.9231    -0.532501
17.0192    0.18001
17.1154    0.969492
17.2115    1.60426
17.3077    1.83396
17.4038    1.48263
17.5    0.523054
17.5962    -0.900013
17.6923    -2.50942
17.7885    -3.9822
17.8846    -5.04689
17.9808    -5.55067
18.0769    -5.47007
18.1731    -4.86603
18.2692    -3.81205
18.3654    -2.33768
18.4615    -0.423637
18.5577    1.94184
18.6538    4.66914
18.75    7.48587
18.8462    9.92143
18.9423    11.3886
19.0385    11.3515
19.1346    9.52651
19.2308    6.03735
19.3269    1.45355
19.4231    -3.32066
19.5192    -7.28211
19.6154    -9.61365
19.7115    -9.91907
19.8077    -8.32438
19.9038    -5.41175
20    -2.01477
20.0962    1.04514
20.1923    3.18552
20.2885    4.17873
20.3846    4.13391
20.4808    3.37583
20.5769    2.28686
20.6731    1.17995
20.7692    0.242574
20.8654    -0.449844
20.9615    -0.884716
21.0577    -1.06991
21.1538    -1.02412
21.25    -0.796584
21.3462    -0.489013
21.4423    -0.249063
21.5385    -0.223174
21.6346    -0.485535
21.7308    -0.981713
21.8269    -1.52526
21.9231    -1.8617
22.0192    -1.77828
22.1154    -1.20963
22.2115    -0.285659
22.3077    0.707516
22.4038    1.44087
22.5    1.67976
22.5962    1.38131
22.6923    0.706249
22.7885    -0.0590451
22.8846    -0.631104
22.9808    -0.846062
23.0769    -0.710649
23.1731    -0.369011
23.2692    -0.0100338
23.3654    0.231962
23.4615    0.331318
23.5577    0.356564
23.6538    0.403469
23.75    0.520231
23.8462    0.671544
23.9423    0.763613
24.0385    0.715072
24.1346    0.530436
24.2308    0.329218
24.3269    0.307286
24.4231    0.644577
24.5192    1.40411
24.6154    2.47447
24.7115    3.58755
24.8077    4.40598
24.9038    4.64094
25    4.14793
25.0962    2.96169
25.1923    1.26393
25.2885    -0.690331
25.3846    -2.64637
25.4808    -4.39053
25.5769    -5.75112
25.6731    -6.57923
25.7692    -6.74132
25.8654    -6.14521
25.9615    -4.79551
26.0577    -2.84884
26.1538    -0.629275
26.25    1.42225
26.3462    2.86016
26.4423    3.37123
26.5385    2.88235
26.6346    1.593
26.7308    -0.0844816
26.8269    -1.65642
26.9231    -2.70275
27.0192    -3.00029
27.1154    -2.57484
27.2115    -1.67131
27.3077    -0.660016
27.4038    0.0854838
27.5    0.300815
27.5962    -0.0952519
27.6923    -0.980293
27.7885    -2.06295
27.8846    -2.96418
27.9808    -3.32707
28.0769    -2.9289
28.1731    -1.76286
28.2692    -0.0587222
28.3654    1.77413
28.4615    3.27258
28.5577    4.0763
28.6538    4.05734
28.75    3.36799
28.8462    2.37988
28.9423    1.53267
29.0385    1.15201
29.1346    1.31533
29.2308    1.82691
29.3269    2.31634
29.4231    2.41798
29.5192    1.94874
29.6154    1.00017
29.7115    -0.100684
29.8077    -0.945027
29.9038    -1.23819
30    -0.943081
30.0962    -0.30037
30.1923    0.286741
30.2885    0.449403
30.3846    0.0371602
30.4808    -0.800812
30.5769    -1.67892
30.6731    -2.15548
30.7692    -1.94623
30.8654    -1.07026
30.9615    0.141437
31.0577    1.18056
31.1538    1.57859
31.25    1.10767
31.3462    -0.12478
31.4423    -1.72828
31.5385    -3.20106
31.6346    -4.14069
31.7308    -4.39756
31.8269    -4.10458
31.9231    -3.57526
32.0192    -3.12402
32.1154    -2.89721
32.2115    -2.79662
32.3077    -2.53242
32.4038    -1.78062
32.5    -0.36984
32.5962    1.59305
32.6923    3.72241
32.7885    5.48542
32.8846    6.41145
32.9808    6.28676
33.0769    5.24583
33.1731    3.71518
33.2692    2.23142
33.3654    1.21351
33.4615    0.791989
33.5577    0.773475
33.6538    0.757763
33.75    0.353294
33.8462    -0.610862
33.9423    -1.97929
34.0385    -3.32529
34.1346    -4.14516
34.2308    -4.10176
34.3269    -3.20032
34.4231    -1.808
34.5192    -0.501639
34.6154    0.189396
34.7115    0.025362
34.8077    -0.832137
34.9038    -1.89402
35    -2.56984
35.0962    -2.43931
35.1923    -1.44083
35.2885    0.110963
35.3846    1.68219
35.4808    2.77034
35.5769    3.12362
35.6731    2.82399
35.7692    2.20073
35.8654    1.62918
35.9615    1.3259
36.0577    1.25009
36.1538    1.16045
36.25    0.791648
36.3462    0.0491101
36.4423    -0.8901
36.5385    -1.63221
36.6346    -1.75568
36.7308    -1.03904
36.8269    0.391099
36.9231    2.07212
37.0192    3.37728
37.1154    3.76753
37.2115    3.00552
37.3077    1.23639
37.4038    -1.09093
37.5    -3.41029
37.5962    -5.23579
37.6923    -6.2813
37.7885    -6.46716
37.8846    -5.8448
37.9808    -4.51037
38.0769    -2.57133
38.1731    -0.182625
38.2692    2.38714
38.3654    4.72894
38.4615    6.35779
38.5577    6.86499
38.6538    6.09357
38.75    4.24324
38.8462    1.83535
38.9423    -0.464591
39.0385    -2.09348
39.1346    -2.79238
39.2308    -2.66747
39.3269    -2.08443
39.4231    -1.456
39.5192    -1.0367
39.6154    -0.831484
39.7115    -0.659597
39.8077    -0.32672
39.9038    0.203077
40    0.743892
40.0962    0.978422
40.1923    0.656059
40.2885    -0.215886
40.3846    -1.30761
40.4808    -2.08458
40.5769    -2.06294
40.6731    -1.07573
40.7692    0.59448
40.8654    2.3001
40.9615    3.30483
41.0577    3.12476
41.1538    1.76759
41.25    -0.251317
41.3462    -2.12935
41.4423    -3.12959
41.5385    -2.89707
41.6346    -1.58827
41.7308    0.242329
41.8269    1.93417
41.9231    3.04079
42.0192    3.51875
42.1154    3.69588
42.2115    4.04146
42.3077    4.85788
42.4038    6.04888
42.5    7.07948
42.5962    7.15121
42.6923    5.51967
42.7885    1.82521
42.8846    -3.6895
42.9808    -10.1476
43.0769    -16.194
43.1731    -20.287
43.2692    -21.0487
43.3654    -17.6068
43.4615    -9.87113
43.5577    1.30327
43.6538    14.1172
43.75    26.0415
43.8462    34.2624
43.9423    36.3128
44.0385    30.7596
44.1346    17.7495
44.2308    -0.789963
44.3269    -21.4278
44.4231    -39.9716
44.5192    -52.4972
44.6154    -56.3672
44.7115    -50.919
44.8077    -37.5973
44.9038    -19.4905
45    -0.426077
45.0962    16.0718
45.1923    27.6307
45.2885    33.4391
45.3846    34.1359
45.4808    31.2851
45.5769    26.6645
45.6731    21.6341
45.7692    16.7867
45.8654    11.9575
45.9615    6.53861
46.0577    -0.0602957
46.1538    -7.99012
46.25    -16.7346
46.3462    -25.149
46.4423    -31.7413
46.5385    -35.0969
46.6346    -34.3027
46.7308    -29.2393
46.8269    -20.6531
46.9231    -9.99415
47.0192    0.924716
47.1154    10.3432
47.2115    16.9238
47.3077    19.9841
47.4038    19.5495
47.5    16.2442
47.5962    11.0801
47.6923    5.21858
47.7885    -0.235211
47.8846    -4.3796
47.9808    -6.60866
48.0769    -6.66676
48.1731    -4.67533
48.2692    -1.12334
48.3654    3.19975
48.4615    7.34369
48.5577    10.3984
48.6538    11.71
48.75    11.0432
48.8462    8.62825
48.9423    5.06699
49.0385    1.12817
49.1346    -2.49249
49.2308    -5.35706
49.3269    -7.34964
49.4231    -8.6086
49.5192    -9.37279
49.6154    -9.8209
49.7115    -9.97754
49.8077    -9.7207
49.9038    -8.873
50    -7.32187
50.0962    -5.10696
50.1923    -2.43777
50.2885    0.356243
50.3846    2.90977
50.4808    4.89869
50.5769    6.08513
50.6731    6.33261
50.7692    5.61173
50.8654    4.0156
50.9615    1.78469
51.0577    -0.682182
51.1538    -2.86243
51.25    -4.20679
51.3462    -4.28299
51.4423    -2.91775
51.5385    -0.277074
51.6346    3.1564
51.7308    6.70779
51.8269    9.6901
51.9231    11.5704
52.0192    12.0636
52.1154    11.1332
52.2115    8.92665
52.3077    5.69771
52.4038    1.76446
52.5    -2.48564
52.5962    -6.57302
52.6923    -9.9386
52.7885    -12.0312
52.8846    -12.4652
52.9808    -11.1914
53.0769    -8.5967
53.1731    -5.46025
53.2692    -2.75233
53.3654    -1.33156
53.4615    -1.65091
53.5577    -3.58887
53.6538    -6.47697
53.75    -9.31651
53.8462    -11.1025
53.9423    -11.1337
54.0385    -9.20112
54.1346    -5.6011
54.2308    -0.992621
54.3269    3.83103
54.4231    8.16597
54.5192    11.548
54.6154    13.8015
54.7115    14.9996
54.8077    15.3714
54.9038    15.1949
55    14.7022
55.0962    14.0145
55.1923    13.1134
55.2885    11.8571
55.3846    10.041
55.4808    7.49494
55.5769    4.18725
55.6731    0.295625
55.7692    -3.79282
55.8654    -7.56734
55.9615    -10.5422
56.0577    -12.4126
56.1538    -13.151
56.25    -12.9983
56.3462    -12.3507
56.4423    -11.5914
56.5385    -10.9435
56.6346    -10.4115
56.7308    -9.83353
56.8269    -9.01203
56.9231    -7.84931
57.0192    -6.41651
57.1154    -4.91919
57.2115    -3.58078
57.3077    -2.5103
57.4038    -1.63016
57.5    -0.708582
57.5962    0.515192
57.6923    2.17548
57.7885    4.17542
57.8846    6.18965
57.9808    7.77744
58.0769    8.55448
58.1731    8.34335
58.2692    7.23574
58.3654    5.54465
58.4615    3.6777
58.5577    1.99615
58.6538    0.722227
58.75    -0.0756495
58.8462    -0.433707
58.9423    -0.423656
59.0385    -0.108551
59.1346    0.456184
59.2308    1.19034
59.3269    1.96052
59.4231    2.58785
59.5192    2.89863
59.6154    2.79409
59.7115    2.29831
59.8077    1.55215
59.9038    0.7495
60    0.046196
60.0962    -0.510798
60.1923    -0.994757
60.2885    -1.54307
60.3846    -2.26199
60.4808    -3.14237
60.5769    -4.03162
60.6731    -4.67827
60.7692    -4.82913
60.8654    -4.33356
60.9615    -3.20843
61.0577    -1.63904
61.1538    0.0774914
61.25    1.61604
61.3462    2.69963
61.4423    3.14628
61.5385    2.88547
61.6346    1.95714
61.7308    0.505355
61.8269    -1.2331
61.9231    -2.95649
62.0192    -4.35435
62.1154    -5.18883
62.2115    -5.37613
62.3077    -5.02848
62.4038    -4.42356
62.5    -3.89762
62.5962    -3.69753
62.6923    -3.85583
62.7885    -4.1519
62.8846    -4.18926
62.9808    -3.5651
63.0769    -2.06136
63.1731    0.229637
63.2692    2.90651
63.3654    5.39238
63.4615    7.14508
63.5577    7.85285
63.6538    7.53251
63.75    6.49277
63.8462    5.18813
63.9423    4.03552
64.0385    3.27598
64.1346    2.93393
64.2308    2.87441
64.3269    2.91267
64.4231    2.91213
64.5192    2.82422
64.6154    2.6628
64.7115    2.44451
64.8077    2.14216
64.9038    1.68469
65    1.00386
65.0962    0.0958523
65.1923    -0.945969
65.2885    -1.95438
65.3846    -2.76156
65.4808    -3.28386
65.5769    -3.569
65.6731    -3.7739
65.7692    -4.07839
65.8654    -4.57605
65.9615    -5.19901
66.0577    -5.71928
66.1538    -5.83187
66.25    -5.28414
66.3462    -3.99267
66.4423    -2.09397
66.5385    0.0924103
66.6346    2.17009
66.7308    3.79299
66.8269    4.76049
66.9231    5.04755
67.0192    4.76949
67.1154    4.10886
67.2115    3.24229
67.3077    2.2953
67.4038    1.33235
67.5    0.370412
67.5962    -0.602184
67.6923    -1.61281
67.7885    -2.69564
67.8846    -3.87608
67.9808    -5.14095
68.0769    -6.40021
68.1731    -7.46083
68.2692    -8.03829
68.3654    -7.81974
68.4615    -6.5688
68.5577    -4.23619
68.6538    -1.02836
68.75    2.60388
68.8462    6.06473
68.9423    8.77148
69.0385    10.3146
69.1346    10.5605
69.2308    9.65982
69.3269    7.96486
69.4231    5.89458
69.5192    3.80715
69.6154    1.92843
69.7115    0.355771
69.8077    -0.881643
69.9038    -1.74993
70    -2.17175
70.0962    -2.04649
70.1923    -1.32026
70.2885    -0.0671997
70.3846    1.46635
70.4808    2.88892
70.5769    3.76419
70.6731    3.7514
70.7692    2.73158
70.8654    0.867303
70.9615    -1.43163
71.0577    -3.62749
71.1538    -5.21692
71.25    -5.87886
71.3462    -5.55821
71.4423    -4.46125
71.5385    -2.97181
71.6346    -1.52367
71.7308    -0.474616
71.8269    -0.0205245
71.9231    -0.167915
72.0192    -0.761548
72.1154    -1.54819
72.2115    -2.25274
72.3077    -2.64729
72.4038    -2.60175
72.5    -2.11122
72.5962    -1.29794
72.6923    -0.385843
72.7885    0.35261
72.8846    0.671176
72.9808    0.430045
73.0769    -0.343537
73.1731    -1.44045
73.2692    -2.51594
73.3654    -3.19061
73.4615    -3.17596
73.5577    -2.37896
73.6538    -0.943039
73.75    0.795116
73.8462    2.41955
73.9423    3.57616
74.0385    4.08448
74.1346    3.97581
74.2308    3.44616
74.3269    2.75072
74.4231    2.09221
74.5192    1.55561
74.6154    1.11651
74.7115    0.711195
74.8077    0.32411
74.9038    0.0388722
75    0.0180812
75.0962    0.415611
75.1923    1.2635
75.2885    2.39397
75.3846    3.4451
75.4808    3.96137
75.5769    3.55512
75.6731    2.06427
75.7692    -0.359987
75.8654    -3.27313
75.9615    -6.05785
76.0577    -8.09819
76.1538    -8.94317
76.25    -8.40713
76.3462    -6.58582
76.4423    -3.80216
76.5385    -0.516861
76.6346    2.76061
76.7308    5.54211
76.8269    7.41346
76.9231    8.08184
77.0192    7.42526
77.1154    5.53554
77.2115    2.73209
77.3077    -0.477547
77.4038    -3.49753
77.5    -5.78448
77.5962    -6.98552
77.6923    -7.02367
77.7885    -6.09762
77.8846    -4.59551
77.9808    -2.95737
78.0769    -1.53994
78.1731    -0.532411
78.2692    0.0537649
78.3654    0.332152
78.4615    0.460904
78.5577    0.574912
78.6538    0.75537
78.75    1.03672
78.8462    1.43074
78.9423    1.94256
79.0385    2.56494
79.1346    3.25607
79.2308    3.92141
79.3269    4.41999
79.4231    4.6026
79.5192    4.36839
79.6154    3.71261
79.7115    2.73866
79.8077    1.62378
79.9038    0.551794
80    -0.356415
80.0962    -1.08068
80.1923    -1.68925
80.2885    -2.28272
80.3846    -2.92272
80.4808    -3.58164
80.5769    -4.13932
80.6731    -4.42883
80.7692    -4.30964
80.8654    -3.73284
80.9615    -2.76772
81.0577    -1.57793
81.1538    -0.359887
81.25    0.726958
81.3462    1.60545
81.4423    2.28266
81.5385    2.81076
81.6346    3.22913
81.7308    3.51876
81.8269    3.59367
81.9231    3.33654
82.0192    2.66394
82.1154    1.59139
82.2115    0.265836
82.3077    -1.05535
82.4038    -2.07766
82.5    -2.57102
82.5962    -2.46063
82.6923    -1.86815
82.7885    -1.08062
82.8846    -0.452507
82.9808    -0.273905
83.0769    -0.655427
83.1731    -1.47732
83.2692    -2.42727
83.3654    -3.11566
83.4615    -3.22383
83.5577    -2.62484
83.6538    -1.42635
83.75    0.081516
83.8462    1.5487
83.9423    2.7015
84.0385    3.43069
84.1346    3.79361
84.2308    3.93558
84.3269    3.97645
84.4231    3.92595
84.5192    3.67533
84.6154    3.07189
84.7115    2.0357
84.8077    0.652039
84.9038    -0.817995
85    -2.02492
85.0962    -2.67892
85.1923    -2.68472
85.2885    -2.19074
85.3846    -1.52033
85.4808    -1.0139
85.5769    -0.859601
85.6731    -1.00059
85.7692    -1.17101
85.8654    -1.04715
85.9615    -0.438136
86.0577    0.58402
86.1538    1.68855
86.25    2.43055
86.3462    2.46901
86.4423    1.74978
86.5385    0.557593
86.6346    -0.595574
86.7308    -1.19765
86.8269    -0.972107
86.9231    -0.00923325
87.0192    1.26922
87.1154    2.29351
87.2115    2.58811
87.3077    1.95873
87.4038    0.542522
87.5    -1.28868
87.5962    -3.10984
87.6923    -4.61032
87.7885    -5.66636
87.8846    -6.29552
87.9808    -6.5379
88.0769    -6.34757
88.1731    -5.56792
88.2692    -4.01329
88.3654    -1.61448
88.4615    1.45461
88.5577    4.74791
88.6538    7.6456
88.75    9.5451
88.8462    10.0618
88.9423    9.15051
89.0385    7.09925
89.1346    4.40545
89.2308    1.60002
89.3269    -0.901541
89.4231    -2.86511
89.5192    -4.21485
89.6154    -4.96033
89.7115    -5.13057
89.8077    -4.75509
89.9038    -3.89308
90    -2.67722
90.0962    -1.32773
90.1923    -0.111945
90.2885    0.738534
90.3846    1.11048
90.4808    1.04362
90.5769    0.694005
90.6731    0.243588
90.7692    -0.194563
90.8654    -0.621365
90.9615    -1.12088
91.0577    -1.77171
91.1538    -2.55465
91.25    -3.31622
91.3462    -3.8183
91.4423    -3.85407
91.5385    -3.36919
91.6346    -2.51705
91.7308    -1.60758
91.8269    -0.965248
91.9231    -0.763485
92.0192    -0.922482
92.1154    -1.13077
92.2115    -0.990895
92.3077    -0.225161
92.4038    1.15782
92.5    2.82153
92.5962    4.21389
92.6923    4.78929
92.7885    4.2426
92.8846    2.6499
92.9808    0.452624
93.0769    -1.70666
93.1731    -3.22262
93.2692    -3.73587
93.3654    -3.22706
93.4615    -1.9685
93.5577    -0.371125
93.6538    1.19214
93.75    2.50405
93.8462    3.51671
93.9423    4.27256
94.0385    4.78979
94.1346    4.9835
94.2308    4.67037
94.3269    3.65817
94.4231    1.87479
94.5192    -0.531589
94.6154    -3.17829
94.7115    -5.53817
94.8077    -7.10357
94.9038    -7.55897
95    -6.89137
95.0962    -5.39246
95.1923    -3.5515
95.2885    -1.88188
95.3846    -0.749501
95.4808    -0.267298
95.5769    -0.290817
95.6731    -0.507721
95.7692    -0.578205
95.8654    -0.267339
95.9615    0.480212
96.0577    1.54382
96.1538    2.69516
96.25    3.69276
96.3462    4.3591
96.4423    4.61217
96.5385    4.44941
96.6346    3.90655
96.7308    3.02371
96.8269    1.84221
96.9231    0.433634
97.0192    -1.06092
97.1154    -2.41461
97.2115    -3.34703
97.3077    -3.60571
97.4038    -3.06967
97.5    -1.82886
97.5962    -0.196912
97.6923    1.36079
97.7885    2.36576
97.8846    2.48298
97.9808    1.63623
98.0769    0.0377379
98.1731    -1.87832
98.2692    -3.59159
98.3654    -4.6494
98.4615    -4.78585
98.5577    -3.97285
98.6538    -2.39934
98.75    -0.399905
98.8462    1.63528
98.9423    3.34306
99.0385    4.44949
99.1346    4.81115
99.2308    4.43781
99.3269    3.49405
99.4231    2.27168
99.5192    1.12607
99.6154    0.382285
99.7115    0.234417
99.8077    0.67496
99.9038    1.48799
100    2.31879
100.096    2.80032
100.192    2.68874
100.288    1.95262
100.385    0.777219
100.481    -0.516995
100.577    -1.60497
100.673    -2.27836
100.769    -2.50642
100.865    -2.41606
100.962    -2.21007
101.058    -2.06888
101.154    -2.08303
101.25    -2.24051
101.346    -2.46066
101.442    -2.64277
101.538    -2.69604
101.635    -2.53823
101.731    -2.07763
101.827    -1.20957
101.923    0.147734
102.019    1.9814
102.115    4.11114
102.212    6.16654
102.308    7.65105
102.404    8.08913
102.5    7.17526
102.596    5.37317
102.692    2.07016
102.788    -1.4891
102.885    -4.57848
102.981    -6.6172
103.077    -6.25143
103.173    -5.89883
103.269    -4.89794
103.365    -3.53994
103.462    -2.02713
103.558    -0.465546
103.654    1.06599
103.75    2.42869
103.846    3.38806
103.942    3.66946
104.038    3.0881
104.135    1.68619
104.231    -0.205866
104.327    -2.03646
104.423    -3.37163
104.519    -3.86573
104.615    -3.04719
104.712    -1.39411
104.808    0.546594
104.904    2.20307
105    0.812946
105.096    1.9869
105.192    3.07931
105.288    4.01943
105.385    4.67145
105.481    4.49573
105.577    1.8819
105.673    1.07025
105.769    0.484841
105.865    -0.431333
105.962    -1.15123
106.058    -1.55793
106.154    -1.65128
106.25    -1.54944
106.346    -1.42724
106.442    -1.38356
106.538    0.320649
106.635    -0.138848
106.731    -0.542894
106.827    -0.0734126
106.923    0.0968594
107.019    0.587396
107.115    1.2034
107.212    0.894733
107.308    1.47014
107.404    1.82758
107.5    1.90133
107.596    1.73417
107.692    1.43868
107.788    1.13449
107.885    0.894796
107.981    0.726691
108.077    0.589539
108.173    0.43541
108.269    0.246109
108.365    0.0463593
108.462    -0.111741
108.558    -0.181186
108.654    -0.149127
108.75    -0.0458017
108.846    0.0707018
108.942    0.143792
109.038    0.144386
109.135    0.079026
109.231    -0.023444
109.327    -0.13769
109.423    -0.264219
109.519    -0.434275
109.615    -0.692929
109.712    -0.607449
109.808    0.206915
109.904    0.13318
110    -0.0462476
110.096    -0.249873
110.192    -0.355584
110.288    -0.247271
110.385    0.133768
110.481    0.754005
110.577    1.48631
110.673    2.17121
110.769    0.900926
110.865    1.14663
110.962    0.125097
111.058    -0.0292154
111.154    -0.180947
111.25    -0.236955
111.346    -0.152062
111.442    0.0389863
111.538    0.233076
111.635    0.310978
111.731    0.204059
111.827    -0.0610563
111.923    -0.366874
112.019    -0.560132
112.115    -0.559573
112.212    0.0121546
112.308    0.0833226
112.404    0.107423
112.5    0.0668945
112.596    -0.0175
112.692    -0.0968496
112.788    -0.121942
112.885    -0.0731941
112.981    0.0251818
113.077    0.116435
113.173    0.143177
113.269    0.0824704
113.365    -0.0366985
113.462    -0.145775
113.558    -0.174684
113.654    -0.0960739
113.75    0.04923
113.846    0.162423
113.942    0.131251
114.038    0.0672112
114.135    0
114.231    0
114.327    0
114.423    0
114.519    0
114.615    0
114.712    0
114.808    0
114.904    0
115    0
115.096    0
115.192    0
115.288    0
115.385    0
115.481    0
115.577    0
115.673    0
115.769    0
115.865    0
115.962    0
116.058    0
116.154    0
116.25    0
116.346    0
116.442    0
116.538    0
116.635    0
116.731    0
116.827    0
116.923    0
117.019    0
117.115    0
117.212    0
117.308    0
117.404    0
117.5    0
117.596    0
117.692    0
117.788    0
117.885    0
117.981    0
118.077    0
118.173    0
118.269    0
118.365    0
118.462    0
118.558    0
118.654    0
118.75    0
118.846    0
118.942    0
119.038    0
119.135    0
119.231    0
119.327    0
119.423    0
119.519    0
119.615    0
119.712    0
119.808    0
119.904    0
120    0
120.096    0
120.192    0
120.288    0
120.385    0
120.481    0
120.577    0
120.673    0
120.769    0
120.865    0
120.962    0
121.058    0
121.154    0
121.25    0
121.346    0
121.442    0
121.538    0
121.635    0
121.731    0
121.827    0
121.923    0
122.019    0
122.115    0
122.212    0
122.308    0
122.404    0
122.5    0
122.596    0
122.692    0
122.788    0
122.885    0
122.981    0
123.077    0
123.173    0
123.269    0
123.365    0
123.462    0
123.558    0
123.654    0
123.75    0
123.846    0
123.942    0
124.038    0
124.135    0
124.231    0
124.327    0
124.423    0
124.519    0
124.615    0
124.712    0
124.808    0
124.904    0
