-25    0.554597
-24.9038    0.682737
-24.8077    0.798896
-24.7115    0.910742
-24.6154    1.02578
-24.5192    1.14694
-24.4231    1.27002
-24.3269    1.38452
-24.2308    1.47752
-24.1346    1.53884
-24.0385    1.56491
-23.9423    1.55946
-23.8462    1.53079
-23.75    1.48722
-23.6538    1.43303
-23.5577    1.36711
-23.4615    1.2847
-23.3654    1.18114
-23.2692    1.05527
-23.1731    0.910681
-23.0769    0.754184
-22.9808    0.592443
-22.8846    0.42891
-22.7885    0.262794
-22.6923    0.0906314
-22.5962    -0.0905257
-22.5    -0.280229
-22.4038    -0.473733
-22.3077    -0.663545
-22.2115    -0.84245
-22.1154    -1.00615
-22.0192    -1.15398
-21.9231    -1.28732
-21.8269    -1.40677
-21.7308    -1.50991
-21.6346    -1.59114
-21.5385    -1.64377
-21.4423    -1.66325
-21.3462    -1.64953
-21.25    -1.60726
-21.1538    -1.54346
-21.0577    -1.46416
-20.9615    -1.37185
-20.8654    -1.26523
-20.7692    -1.14138
-20.6731    -0.998868
-20.5769    -0.839876
-20.4808    -0.669874
-20.3846    -0.494945
-20.2885    -0.318398
-20.1923    -0.138889
-20.0962    0.0484671
-20    0.248236
-19.9038    0.460047
-19.8077    0.675877
-19.7115    0.881129
-19.6154    1.05939
-19.5192    1.19871
-19.4231    1.29631
-19.3269    1.35917
-19.2308    1.4
-19.1346    1.43064
-19.0385    1.45596
-18.9423    1.47136
-18.8462    1.46501
-18.75    1.42355
-18.6538    1.33839
-18.5577    1.20952
-18.4615    1.04519
-18.3654    0.858049
-18.2692    0.659974
-18.1731    0.458183
-18.0769    0.254373
-17.9808    0.0467067
-17.8846    -0.166923
-17.7885    -0.38636
-17.6923    -0.608635
-17.5962    -0.82928
-17.5    -1.04424
-17.4038    -1.25094
-17.3077    -1.44779
-17.2115    -1.63256
-17.1154    -1.8009
-17.0192    -1.94617
-16.9231    -2.06094
-16.8269    -2.13928
-16.7308    -2.17861
-16.6346    -2.17985
-16.5385    -2.14591
-16.4423    -2.07955
-16.3462    -1.98199
-16.25    -1.8533
-16.1538    -1.69434
-16.0577    -1.50886
-15.9615    -1.30417
-15.8654    -1.08948
-15.7692    -0.872472
-15.6731    -0.656053
-15.5769    -0.437148
-15.4808    -0.208737
-15.3846    0.0356973
-15.2885    0.297492
-15.1923    0.570451
-15.0962    0.842208
-15    1.0987
-14.9038    1.32937
-14.8077    1.53026
-14.7115    1.70327
-14.6154    1.8521
-14.5192    1.97725
-14.4231    2.07323
-14.3269    2.12968
-14.2308    2.13623
-14.1346    2.08826
-14.0385    1.99039
-13.9423    1.85525
-13.8462    1.69808
-13.75    1.52969
-13.6538    1.35159
-13.5577    1.15614
-13.4615    0.93167
-13.3654    0.670143
-13.2692    0.373191
-13.1731    0.0534601
-13.0769    -0.269532
-12.9808    -0.576801
-12.8846    -0.856687
-12.7885    -1.10758
-12.6923    -1.33543
-12.5962    -1.54764
-12.5    -1.74704
-12.4038    -1.92906
-12.3077    -2.08351
-12.2115    -2.19968
-12.1154    -2.27142
-12.0192    -2.29923
-11.9231    -2.28822
-11.8269    -2.24318
-11.7308    -2.16412
-11.6346    -2.04507
-11.5385    -1.87728
-11.4423    -1.6554
-11.3462    -1.383
-11.25    -1.07446
-11.1538    -0.751594
-11.0577    -0.436461
-10.9615    -0.14379
-10.8654    0.123406
-10.7692    0.372977
-10.6731    0.618211
-10.5769    0.870619
-10.4808    1.13435
-10.3846    1.40447
-10.2885    1.66913
-10.1923    1.91391
-10.0962    2.12568
-10    2.29452
-9.90385    2.41357
-9.80769    2.47802
-9.71154    2.48487
-9.61538    2.43396
-9.51923    2.32953
-9.42308    2.18073
-9.32692    1.99981
-9.23077    1.79826
-9.13462    1.58248
-9.03846    1.35142
-8.94231    1.09786
-8.84615    0.813172
-8.75    0.493406
-8.65385    0.143656
-8.55769    -0.221529
-8.46154    -0.58204
-8.36538    -0.918449
-8.26923    -1.21751
-8.17308    -1.4743
-8.07692    -1.6904
-7.98077    -1.86951
-7.88462    -2.01335
-7.78846    -2.11997
-7.69231    -2.18516
-7.59615    -2.20538
-7.5    -2.18004
-7.40385    -2.11127
-7.30769    -2.00134
-7.21154    -1.84966
-7.11538    -1.65183
-7.01923    -1.40213
-6.92308    -1.0986
-6.82692    -0.747953
-6.73077    -0.36698
-6.63462    0.0210262
-6.53846    0.393755
-6.44231    0.737544
-6.34615    1.05099
-6.25    1.34215
-6.15385    1.62031
-6.05769    1.88658
-5.96154    2.12856
-5.86538    2.3223
-5.76923    2.44146
-5.67308    2.46892
-5.57692    2.40532
-5.48077    2.26952
-5.38462    2.09069
-5.28846    1.89573
-5.19231    1.6983
-5.09615    1.49509
-5    1.27082
-4.90385    1.00927
-4.80769    0.704366
-4.71154    0.365252
-4.61538    0.0131519
-4.51923    -0.328134
-4.42308    -0.64254
-4.32692    -0.927084
-4.23077    -1.18936
-4.13462    -1.43876
-4.03846    -1.67656
-3.94231    -1.89087
-3.84615    -2.05951
-3.75    -2.16
-3.65385    -2.18124
-3.55769    -2.13092
-3.46154    -2.0341
-3.36538    -1.92342
-3.26923    -1.82515
-3.17308    -1.7477
-3.07692    -1.6781
-2.98077    -1.58792
-2.88462    -1.44615
-2.78846    -1.23329
-2.69231    -0.950812
-2.59615    -0.622347
-2.5    -0.286691
-2.40385    0.0143694
-2.30769    0.248739
-2.21154    0.403007
-2.11538    0.485219
-2.01923    0.52106
-1.92308    0.544884
-1.82692    0.588266
-1.73077    0.669394
-1.63462    0.786637
-1.53846    0.918819
-1.44231    1.03294
-1.34615    1.09738
-1.25    1.09603
-1.15385    1.03717
-1.05769    0.952212
-0.961538    0.883027
-0.865385    0.862039
-0.769231    0.893576
-0.673077    0.94611
-0.576923    0.961286
-0.480769    0.878272
-0.384615    0.66402
-0.288462    0.335499
-0.192308    -0.0382671
-0.0961538    -0.358452
1.45661e-13    -0.535828
0.0961538    -0.531042
0.192308    -0.377125
0.288462    -0.171897
0.384615    -0.0407203
0.480769    -0.0837361
0.576923    -0.329893
0.673077    -0.718598
0.769231    -1.11873
0.865385    -1.37876
0.961538    -1.38784
1.05769    -1.12236
1.15385    -0.658087
1.25    -0.142312
1.34615    0.262668
1.44231    0.44166
1.53846    0.369082
1.63462    0.115302
1.73077    -0.184525
1.82692    -0.385284
1.92308    -0.387606
2.01923    -0.172508
2.11538    0.197331
2.21154    0.607861
2.30769    0.941239
2.40385    1.12038
2.5    1.13282
2.59615    1.02568
2.69231    0.876156
2.78846    0.751868
2.88462    0.679099
2.98077    0.633176
3.07692    0.554978
3.17308    0.385889
3.26923    0.104788
3.36538    -0.250947
3.46154    -0.591894
3.55769    -0.809771
3.65385    -0.823695
3.75    -0.618329
3.84615    -0.254498
3.94231    0.155777
4.03846    0.50133
4.13462    0.728144
4.23077    0.872079
4.32692    1.04841
4.42308    1.3973
4.51923    2.00608
4.61538    2.84331
4.71154    3.73866
4.80769    4.42488
4.90385    4.63082
5    4.18942
5.09615    3.11395
5.19231    1.60667
5.28846    -0.00781238
5.38462    -1.39873
5.48077    -2.34526
5.57692    -2.80189
5.67308    -2.88471
5.76923    -2.78683
5.86538    -2.66535
5.96154    -2.55636
6.05769    -2.36181
6.15385    -1.91702
6.25    -1.10662
6.34615    0.0300493
6.44231    1.26258
6.53846    2.23019
6.63462    2.58233
6.73077    2.14095
6.82692    1.01094
6.92308    -0.417816
7.01923    -1.58843
7.11538    -1.97561
7.21154    -1.28858
7.30769    0.402445
7.40385    2.66834
7.5    4.85325
7.59615    6.28839
7.69231    6.50939
7.78846    5.40082
7.88462    3.2223
7.98077    0.515582
8.07692    -2.06711
8.17308    -3.95174
8.26923    -4.78897
8.36538    -4.52153
8.46154    -3.36585
8.55769    -1.72671
8.65385    -0.0780446
8.75    1.15654
8.84615    1.69725
8.94231    1.46056
9.03846    0.565183
9.13462    -0.70624
9.23077    -1.98129
9.32692    -2.89246
9.42308    -3.17162
9.51923    -2.72053
9.61538    -1.63743
9.71154    -0.190285
9.80769    1.25726
9.90385    2.34589
10    2.81674
10.0962    2.57532
10.1923    1.70656
10.2885    0.440763
10.3846    -0.91396
10.4808    -2.04956
10.5769    -2.72402
10.6731    -2.80215
10.7692    -2.26884
10.8654    -1.22052
10.9615    0.156692
11.0577    1.61666
11.1538    2.8893
11.25    3.72363
11.3462    3.93617
11.4423    3.45735
11.5385    2.36266
11.6346    0.874339
11.7308    -0.675368
11.8269    -1.91696
11.9231    -2.53623
12.0192    -2.36079
12.1154    -1.41286
12.2115    0.0906686
12.3077    1.79398
12.4038    3.29853
12.5    4.27038
12.5962    4.52534
12.6923    4.06614
12.7885    3.06182
12.8846    1.77955
12.9808    0.494137
13.0769    -0.593116
13.1731    -1.40031
13.2692    -1.96381
13.3654    -2.39612
13.4615    -2.82263
13.5577    -3.32248
13.6538    -3.89395
13.75    -4.45308
13.8462    -4.86085
13.9423    -4.96508
14.0385    -4.64183
14.1346    -3.82548
14.2308    -2.52467
14.3269    -0.826559
14.4231    1.10707
14.5192    3.05227
14.6154    4.74786
14.7115    5.93692
14.8077    6.42265
14.9038    6.1261
15    5.12495
15.0962    3.65221
15.1923    2.04465
15.2885    0.650762
15.3846    -0.272605
15.4808    -0.635757
15.5769    -0.532229
15.6731    -0.186796
15.7692    0.143594
15.8654    0.272974
15.9615    0.147783
16.0577    -0.159967
16.1538    -0.521087
16.25    -0.841234
16.3462    -1.12558
16.4423    -1.47821
16.5385    -2.03215
16.6346    -2.84437
16.7308    -3.81287
16.8269    -4.66707
16.9231    -5.04922
17.0192    -4.65843
17.1154    -3.39375
17.2115    -1.42686
17.3077    0.836522
17.4038    2.89635
17.5    4.34077
17.5962    4.99044
17.6923    4.94014
17.7885    4.48035
17.8846    3.93861
17.9808    3.51758
18.0769    3.20801
18.1731    2.81669
18.2692    2.09319
18.3654    0.890738
18.4615    -0.719756
18.5577    -2.43955
18.6538    -3.84204
18.75    -4.53606
18.8462    -4.31668
18.9423    -3.23647
19.0385    -1.57029
19.1346    0.302518
19.2308    2.03863
19.3269    3.42991
19.4231    4.42455
19.5192    5.07593
19.6154    5.46027
19.7115    5.6137
19.8077    5.52104
19.9038    5.15405
20    4.52643
20.0962    3.72385
20.1923    2.8836
20.2885    2.13067
20.3846    1.50568
20.4808    0.928824
20.5769    0.227195
20.6731    -0.780912
20.7692    -2.1832
20.8654    -3.90334
20.9615    -5.70099
21.0577    -7.24547
21.1538    -8.23039
21.25    -8.477
21.3462    -7.98091
21.4423    -6.88598
21.5385    -5.40568
21.6346    -3.73598
21.7308    -2.00402
21.8269    -0.273336
21.9231    1.4066
22.0192    2.94381
22.1154    4.18085
22.2115    4.9267
22.3077    5.03252
22.4038    4.47416
22.5    3.39635
22.5962    2.09044
22.6923    0.908558
22.7885    0.148306
22.8846    -0.0435168
22.9808    0.292091
23.0769    0.961665
23.1731    1.70791
23.2692    2.31067
23.3654    2.65725
23.4615    2.75639
23.5577    2.69767
23.6538    2.58201
23.75    2.45926
23.8462    2.30179
23.9423    2.02394
24.0385    1.5356
24.1346    0.803481
24.2308    -0.108306
24.3269    -1.0374
24.4231    -1.76441
24.5192    -2.08256
24.6154    -1.87166
24.7115    -1.15036
24.8077    -0.0874218
24.9038    1.0346
25    1.89478
25.0962    2.22634
25.1923    1.89721
25.2885    0.951023
25.3846    -0.40699
25.4808    -1.87652
25.5769    -3.15845
25.6731    -4.04607
25.7692    -4.47713
25.8654    -4.5278
25.9615    -4.35399
26.0577    -4.10815
26.1538    -3.8709
26.25    -3.62913
26.3462    -3.30966
26.4423    -2.84928
26.5385    -2.2625
26.6346    -1.66777
26.7308    -1.25244
26.8269    -1.18772
26.9231    -1.53211
27.0192    -2.17111
27.1154    -2.8273
27.2115    -3.14341
27.3077    -2.80743
27.4038    -1.66879
27.5    0.202129
27.5962    2.53332
27.6923    4.93767
27.7885    7.02775
27.8846    8.5126
27.9808    9.24459
28.0769    9.21091
28.1731    8.4899
28.2692    7.203
28.3654    5.48653
28.4615    3.48904
28.5577    1.38145
28.6538    -0.640291
28.75    -2.37335
28.8462    -3.64476
28.9423    -4.35025
29.0385    -4.47531
29.1346    -4.08804
29.2308    -3.30975
29.3269    -2.28163
29.4231    -1.14644
29.5192    -0.0513888
29.6154    0.838828
29.7115    1.3416
29.8077    1.28669
29.9038    0.576793
30    -0.745895
30.0962    -2.46501
30.1923    -4.21849
30.2885    -5.59422
30.3846    -6.26204
30.4808    -6.08704
30.5769    -5.17084
30.6731    -3.79697
30.7692    -2.30198
30.8654    -0.931553
30.9615    0.248493
31.0577    1.34142
31.1538    2.51349
31.25    3.8472
31.3462    5.23274
31.4423    6.36169
31.5385    6.83756
31.6346    6.35794
31.7308    4.88274
31.8269    2.70294
31.9231    0.367392
32.0192    -1.50936
32.1154    -2.4782
32.2115    -2.42442
32.3077    -1.59998
32.4038    -0.505109
32.5    0.327371
32.5962    0.549873
32.6923    0.126938
32.7885    -0.678263
32.8846    -1.44384
32.9808    -1.78778
33.0769    -1.53727
33.1731    -0.799754
33.2692    0.0860381
33.3654    0.689935
33.4615    0.658855
33.5577    -0.151436
33.6538    -1.62393
33.75    -3.41527
33.8462    -5.05596
33.9423    -6.0788
34.0385    -6.1397
34.1346    -5.10443
34.2308    -3.08643
34.3269    -0.428468
34.4231    2.37174
34.5192    4.7822
34.6154    6.37898
34.7115    6.9711
34.8077    6.66296
34.9038    5.82118
35    4.94377
35.0962    4.46947
35.1923    4.59718
35.2885    5.19118
35.3846    5.82013
35.4808    5.92463
35.5769    5.05145
35.6731    3.05891
35.7692    0.20512
35.8654    -2.92208
35.9615    -5.60705
36.0577    -7.25689
36.1538    -7.5971
36.25    -6.73587
36.3462    -5.08051
36.4423    -3.15535
36.5385    -1.40926
36.6346    -0.0966691
36.7308    0.728445
36.8269    1.12639
36.9231    1.15878
37.0192    0.821793
37.1154    0.065426
37.2115    -1.1152
37.3077    -2.577
37.4038    -3.98735
37.5    -4.88795
37.5962    -4.85321
37.6923    -3.67807
37.7885    -1.50652
37.8846    1.1676
37.9808    3.64168
38.0769    5.23661
38.1731    5.52778
38.2692    4.48207
38.3654    2.4493
38.4615    0.0200379
38.5577    -2.18413
38.6538    -3.69963
38.75    -4.31996
38.8462    -4.083
38.9423    -3.1761
39.0385    -1.81946
39.1346    -0.186454
39.2308    1.61073
39.3269    3.48116
39.4231    5.30009
39.5192    6.88117
39.6154    7.99777
39.7115    8.44419
39.8077    8.10452
39.9038    6.99322
40    5.24816
40.0962    3.08335
40.1923    0.728635
40.2885    -1.61311
40.3846    -3.77511
40.4808    -5.60934
40.5769    -6.96675
40.6731    -7.70054
40.7692    -7.70187
40.8654    -6.95413
40.9615    -5.57482
41.0577    -3.81461
41.1538    -2.00173
41.25    -0.448231
41.3462    0.643423
41.4423    1.2314
41.5385    1.41925
41.6346    1.38178
41.7308    1.26853
41.8269    1.13243
41.9231    0.918666
42.0192    0.518471
42.1154    -0.140992
42.2115    -1.01833
42.3077    -1.93411
42.4038    -2.61776
42.5    -2.80651
42.5962    -2.35144
42.6923    -1.28164
42.7885    0.202927
42.8846    1.80553
42.9808    3.23894
43.0769    4.31529
43.1731    4.98164
43.2692    5.29101
43.3654    5.33046
43.4615    5.1473
43.5577    4.71285
43.6538    3.94274
43.75    2.7626
43.8462    1.1851
43.9423    -0.642478
44.0385    -2.44727
44.1346    -3.8979
44.2308    -4.70465
44.3269    -4.7132
44.4231    -3.95597
44.5192    -2.64259
44.6154    -1.09616
44.7115    0.3388
44.8077    1.38268
44.9038    1.87431
45    1.78041
45.0962    1.16772
45.1923    0.157371
45.2885    -1.11627
45.3846    -2.52627
45.4808    -3.9494
45.5769    -5.24661
45.6731    -6.24403
45.7692    -6.73208
45.8654    -6.49326
45.9615    -5.35762
46.0577    -3.27167
46.1538    -0.356721
46.25    3.06933
46.3462    6.52496
46.4423    9.45414
46.5385    11.3524
46.6346    11.8941
46.7308    11.0192
46.8269    8.94815
46.9231    6.11669
47.0192    3.05068
47.1154    0.224423
47.2115    -2.04851
47.3077    -3.65601
47.4038    -4.65239
47.5    -5.17175
47.5962    -5.33372
47.6923    -5.18572
47.7885    -4.70519
47.8846    -3.85405
47.9808    -2.65178
48.0769    -1.2239
48.1731    0.203751
48.2692    1.36649
48.3654    2.0504
48.4615    2.16716
48.5577    1.77807
48.6538    1.05661
48.75    0.209552
48.8462    -0.603381
48.9423    -1.31205
49.0385    -1.9234
49.1346    -2.46689
49.2308    -2.93415
49.3269    -3.25175
49.4231    -3.30666
49.5192    -3.0127
49.6154    -2.38009
49.7115    -1.54423
49.8077    -0.72855
49.9038    -0.15071
50    0.085584
50.0962    0.0580284
50.1923    0.0121298
50.2885    0.263346
50.3846    1.05313
50.4808    2.42227
50.5769    4.16073
50.6731    5.86087
50.7692    7.05508
50.8654    7.38196
50.9615    6.71312
51.0577    5.19155
51.1538    3.17213
51.25    1.09502
51.3462    -0.652964
51.4423    -1.83709
51.5385    -2.40579
51.6346    -2.459
51.7308    -2.18239
51.8269    -1.78171
51.9231    -1.4391
52.0192    -1.29397
52.1154    -1.43606
52.2115    -1.89695
52.3077    -2.63599
52.4038    -3.53038
52.5    -4.38531
52.5962    -4.974
52.6923    -5.1018
52.7885    -4.67187
52.8846    -3.72426
52.9808    -2.42848
53.0769    -1.03005
53.1731    0.227377
53.2692    1.17255
53.3654    1.74327
53.4615    1.98122
53.5577    1.99719
53.6538    1.93009
53.75    1.91872
53.8462    2.09008
53.9423    2.55163
54.0385    3.36995
54.1346    4.52906
54.2308    5.88235
54.3269    7.13
54.4231    7.85493
54.5192    7.62921
54.6154    6.16796
54.7115    3.47488
54.8077    -0.0869626
54.9038    -3.84484
55    -6.98632
55.0962    -8.79716
55.1923    -8.8816
55.2885    -7.2822
55.3846    -4.45476
55.4808    -1.11219
55.5769    1.99836
55.6731    4.29929
55.7692    5.49877
55.8654    5.59517
55.9615    4.79468
56.0577    3.39716
56.1538    1.70454
56.25    -0.0213214
56.3462    -1.55997
56.4423    -2.72426
56.5385    -3.37273
56.6346    -3.44924
56.7308    -3.02826
56.8269    -2.3292
56.9231    -1.67225
57.0192    -1.37841
57.1154    -1.64944
57.2115    -2.48144
57.3077    -3.65553
57.4038    -4.81462
57.5    -5.5942
57.5962    -5.74894
57.6923    -5.21989
57.7885    -4.11833
57.8846    -2.64456
57.9808    -0.991287
58.0769    0.715992
58.1731    2.41493
58.2692    4.05164
58.3654    5.5194
58.4615    6.63891
58.5577    7.20304
58.6538    7.06859
58.75    6.24553
58.8462    4.92932
58.9423    3.44849
59.0385    2.14484
59.1346    1.2414
59.2308    0.763596
59.3269    0.553907
59.4231    0.372578
59.5192    0.0320276
59.6154    -0.50539
59.7115    -1.11691
59.8077    -1.59969
59.9038    -1.79602
60    -1.69261
60.0962    -1.43679
60.1923    -1.25787
60.2885    -1.33473
60.3846    -1.68201
60.4808    -2.12016
60.5769    -2.35104
60.6731    -2.10496
60.7692    -1.28546
60.8654    -0.037073
60.9615    1.30056
61.0577    2.33129
61.1538    2.76628
61.25    2.53402
61.3462    1.78662
61.4423    0.806905
61.5385    -0.129836
61.6346    -0.865576
61.7308    -1.38759
61.8269    -1.76929
61.9231    -2.06738
62.0192    -2.24158
62.1154    -2.14863
62.2115    -1.61783
62.3077    -0.567583
62.4038    0.903777
62.5    2.50824
62.5962    3.85298
62.6923    4.58332
62.7885    4.51634
62.8846    3.70197
62.9808    2.38552
63.0769    0.894813
63.1731    -0.489525
63.2692    -1.61896
63.3654    -2.48436
63.4615    -3.15637
63.5577    -3.70344
63.6538    -4.13761
63.75    -4.41496
63.8462    -4.48017
63.9423    -4.31673
64.0385    -3.96219
64.1346    -3.47364
64.2308    -2.86471
64.3269    -2.06086
64.4231    -0.915212
64.5192    0.705933
64.6154    2.80363
64.7115    5.15885
64.8077    7.33826
64.9038    8.81326
65    9.15378
65.0962    8.21299
65.1923    6.21289
65.2885    3.68054
65.3846    1.25377
65.4808    -0.561405
65.5769    -1.57221
65.6731    -1.93649
65.7692    -2.04015
65.8654    -2.27512
65.9615    -2.82592
66.0577    -3.568
66.1538    -4.12636
66.25    -4.06453
66.3462    -3.112
66.4423    -1.32036
66.5385    0.925287
66.6346    3.04326
66.7308    4.47545
66.8269    4.89014
66.9231    4.28113
67.0192    2.93024
67.1154    1.26486
67.2115    -0.314325
67.3077    -1.5563
67.4038    -2.38917
67.5    -2.86335
67.5962    -3.05713
67.6923    -3.00456
67.7885    -2.68363
67.8846    -2.06345
67.9808    -1.1744
68.0769    -0.153728
68.1731    0.765283
68.2692    1.31963
68.3654    1.30777
68.4615    0.662884
68.5577    -0.523266
68.6538    -2.03117
68.75    -3.57911
68.8462    -4.89182
68.9423    -5.74749
69.0385    -5.99686
69.1346    -5.56502
69.2308    -4.45211
69.3269    -2.74083
69.4231    -0.603965
69.5192    1.70462
69.6154    3.88818
69.7115    5.67108
69.8077    6.8663
69.9038    7.41544
70    7.3794
70.0962    6.88221
70.1923    6.03718
70.2885    4.89705
70.3846    3.45978
70.4808    1.73038
70.5769    -0.195379
70.6731    -2.07971
70.7692    -3.56834
70.8654    -4.3006
70.9615    -4.06442
71.0577    -2.9241
71.1538    -1.25039
71.25    0.378988
71.3462    1.3804
71.4423    1.38744
71.5385    0.39888
71.6346    -1.21733
71.7308    -2.87082
71.8269    -3.98521
71.9231    -4.22228
72.0192    -3.59777
72.1154    -2.44345
72.2115    -1.23995
72.3077    -0.402579
72.4038    -0.118475
72.5    -0.303906
72.5962    -0.68926
72.6923    -0.978883
72.7885    -1.00152
72.8846    -0.779031
72.9808    -0.487475
73.0769    -0.340794
73.1731    -0.463813
73.2692    -0.821644
73.3654    -1.23843
73.4615    -1.48979
73.5577    -1.4161
73.6538    -0.996956
73.75    -0.35137
73.8462    0.330001
73.9423    0.879825
74.0385    1.22506
74.1346    1.40083
74.2308    1.50855
74.3269    1.65022
74.4231    1.88004
74.5192    2.19918
74.6154    2.5891
74.7115    3.0528
74.8077    3.62829
74.9038    4.35687
75    5.22071
75.0962    6.0899
75.1923    6.72117
75.2885    6.82604
75.3846    6.18675
75.4808    4.7658
75.5769    2.74959
75.6731    0.494279
75.7692    -1.60968
75.8654    -3.29295
75.9615    -4.5055
76.0577    -5.40423
76.1538    -6.23049
76.25    -7.13611
76.3462    -8.04809
76.4423    -8.64902
76.5385    -8.49662
76.6346    -7.23624
76.7308    -4.80928
76.8269    -1.5546
76.9231    1.85546
77.0192    4.62848
77.1154    6.12892
77.2115    6.10201
77.3077    4.75013
77.4038    2.63359
77.5    0.444917
77.5962    -1.24114
77.6923    -2.13577
77.7885    -2.26106
77.8846    -1.84103
77.9808    -1.12914
78.0769    -0.265725
78.1731    0.76497
78.2692    2.06543
78.3654    3.69021
78.4615    5.52596
78.5577    7.25709
78.6538    8.44306
78.75    8.67631
78.8462    7.74902
78.9423    5.75218
79.0385    3.06163
79.1346    0.21756
79.2308    -2.25005
79.3269    -3.97782
79.4231    -4.84838
79.5192    -4.97217
79.6154    -4.59359
79.7115    -3.9713
79.8077    -3.28519
79.9038    -2.60203
80    -1.90121
80.0962    -1.13633
80.1923    -0.29762
80.2885    0.553004
80.3846    1.28622
80.4808    1.7429
80.5769    1.78809
80.6731    1.36205
80.7692    0.512903
80.8654    -0.598179
80.9615    -1.72254
81.0577    -2.57778
81.1538    -2.92066
81.25    -2.6225
81.3462    -1.72408
81.4423    -0.447306
81.5385    0.850135
81.6346    1.77182
81.7308    2.00539
81.8269    1.43029
81.9231    0.169941
82.0192    -1.43421
82.1154    -2.9212
82.2115    -3.84755
82.3077    -3.9148
82.4038    -3.04453
82.5    -1.38137
82.5962    0.766944
82.6923    3.02113
82.7885    5.01723
82.8846    6.4643
82.9808    7.16902
83.0769    7.04035
83.1731    6.09158
83.2692    4.44755
83.3654    2.34928
83.4615    0.137599
83.5577    -1.79893
83.6538    -3.11011
83.75    -3.58051
83.8462    -3.19893
83.9423    -2.16817
84.0385    -0.84431
84.1346    0.374797
84.2308    1.16909
84.3269    1.37742
84.4231    1.01237
84.5192    0.21228
84.6154    -0.837454
84.7115    -1.97145
84.8077    -3.06944
84.9038    -4.03712
85    -4.7681
85.0962    -5.12342
85.1923    -4.95403
85.2885    -4.16311
85.3846    -2.77679
85.4808    -0.979675
85.5769    0.915567
85.6731    2.5621
85.7692    3.69901
85.8654    4.24155
85.9615    4.2958
86.0577    4.0874
86.1538    3.83711
86.25    3.64488
86.3462    3.44221
86.4423    3.03954
86.5385    2.24746
86.6346    1.01078
86.7308    -0.514963
86.8269    -1.98918
86.9231    -3.00927
87.0192    -3.27727
87.1154    -2.73265
87.2115    -1.58753
87.3077    -0.245424
87.4038    0.86073
87.5    1.43816
87.5962    1.43536
87.6923    1.032
87.7885    0.52725
87.8846    0.183208
87.9808    0.0986972
88.0769    0.171976
88.1731    0.167121
88.2692    -0.150197
88.3654    -0.873452
88.4615    -1.87887
88.5577    -2.84879
88.6538    -3.38683
88.75    -3.17734
88.8462    -2.12365
88.9423    -0.409547
89.0385    1.5403
89.1346    3.18632
89.2308    4.04131
89.3269    3.822
89.4231    2.53599
89.5192    0.479506
89.6154    -1.84989
89.7115    -3.89553
89.8077    -5.19456
89.9038    -5.49644
90    -4.8141
90.0962    -3.39626
90.1923    -1.63376
90.2885    0.0669921
90.3846    1.40089
90.4808    2.23365
90.5769    2.60507
90.6731    2.67227
90.7692    2.62186
90.8654    2.59003
90.9615    2.62205
91.0577    2.68183
91.1538    2.69723
91.25    2.61026
91.3462    2.4025
91.4423    2.08326
91.5385    1.65325
91.6346    1.07407
91.7308    0.273866
91.8269    -0.801375
91.9231    -2.11161
92.0192    -3.46605
92.1154    -4.53166
92.2115    -4.92667
92.3077    -4.37591
92.4038    -2.86516
92.5    -0.718346
92.5962    1.45584
92.6923    2.94779
92.7885    3.2001
92.8846    2.02998
92.9808    -0.275957
93.0769    -3.04273
93.1731    -5.43896
93.2692    -6.76894
93.3654    -6.70662
93.4615    -5.37811
93.5577    -3.26569
93.6538    -0.984033
93.75    0.967147
93.8462    2.36512
93.9423    3.27756
94.0385    3.93693
94.1346    4.55092
94.2308    5.15046
94.3269    5.55342
94.4231    5.46047
94.5192    4.63173
94.6154    3.05143
94.7115    0.992903
94.8077    -1.05502
94.9038    -2.57128
95    -3.21289
95.0962    -2.95527
95.1923    -2.09793
95.2885    -1.13232
95.3846    -0.531848
95.4808    -0.557304
95.5769    -1.16176
95.6731    -2.03179
95.7692    -2.74039
95.8654    -2.93969
95.9615    -2.50846
96.0577    -1.59475
96.1538    -0.5431
96.25    0.254162
96.3462    0.514137
96.4423    0.164735
96.5385    -0.643638
96.6346    -1.60931
96.7308    -2.3945
96.8269    -2.73457
96.9231    -2.50344
97.0192    -1.7228
97.1154    -0.527823
97.2115    0.884369
97.3077    2.2994
97.4038    3.51281
97.5    4.34403
97.5962    4.64923
97.6923    4.3427
97.7885    3.42535
97.8846    2.00777
97.9808    0.310755
98.0769    -1.36821
98.1731    -2.72043
98.2692    -3.50593
98.3654    -3.62105
98.4615    -3.12875
98.5577    -2.23864
98.6538    -1.24195
98.75    -0.422666
98.8462    0.0252202
98.9423    0.0479222
99.0385    -0.265174
99.1346    -0.723524
99.2308    -1.10563
99.3269    -1.2329
99.4231    -1.02369
99.5192    -0.512692
99.6154    0.166911
99.7115    0.829582
99.8077    1.29542
99.9038    1.44218
100    1.23718
100.096    0.7423
100.192    0.0931098
100.288    -0.540111
100.385    -0.99806
100.481    -1.17295
100.577    -1.0344
100.673    -0.635143
100.769    -0.0962386
100.865    0.424447
100.962    0.772633
101.058    0.837383
101.154    0.580548
101.25    0.0483762
101.346    -0.638229
101.442    -1.31302
101.538    -1.80626
101.635    -1.9883
101.731    -1.80297
101.827    -1.28159
101.923    -0.533488
102.019    0.283713
102.115    1.00523
102.212    1.49923
102.308    1.69467
102.404    1.59015
102.5    1.24355
102.596    0.748396
102.692    0.206254
102.788    -0.296028
102.885    -0.698728
102.981    -0.970822
103.077    -1.10428
103.173    -1.10637
103.269    -0.994063
103.365    -0.792162
103.462    -0.533316
103.558    -0.257161
103.654    -0.00608759
103.75    0.182479
103.846    0.284941
103.942    0.297811
104.038    0.238286
104.135    0.138233
104.231    0.0335711
104.327    -0.046921
104.423    -0.0891266
104.519    -0.0948478
104.615    -0.0769837
104.712    -0.0513652
104.808    -0.0291714
104.904    -0.013193
105    0.000885278
105.096    0.0194929
105.192    0.045474
105.288    0.0748384
105.385    0.0977343
105.481    0.103213
105.577    0.0853979
105.673    0.0478832
105.769    0.00394062
105.865    -0.0279778
105.962    -0.0317212
106.058    -0.000700297
106.154    0.0583661
106.25    0.127109
106.346    0.182174
106.442    0.204313
106.538    0.186174
106.635    0.135548
106.731    0.0726245
106.827    0.0223529
106.923    0.00497588
107.019    0.0285707
107.115    0.0864956
107.212    0.160535
107.308    0.228149
107.404    0.270645
107.5    0.27895
107.596    0.254998
107.692    0.208827
107.788    0.153345
107.885    0.0994656
107.981    0.0536804
108.077    0.0185763
108.173    -0.00487525
108.269    -0.0152366
108.365    -0.0103248
108.462    0.0110226
108.558    0.0463869
108.654    0.088405
108.75    0.1261
108.846    0.148895
108.942    0.151582
109.038    0.137623
109.135    0.118642
109.231    0.109725
109.327    0.122362
109.423    0.158289
109.519    0.207399
109.615    0.251142
109.712    0.270238
109.808    0.25335
109.904    0.202702
110    0.133944
110.096    0.0701187
110.192    0.0323761
110.288    0.0315546
110.385    0.0643346
110.481    0.115516
110.577    0.165145
110.673    0.197058
110.769    0.20496
110.865    0.193501
110.962    0.174302
111.058    0.159236
111.154    0.154377
111.25    0.157501
111.346    0.160075
111.442    0.152475
111.538    0.12967
111.635    0.0945025
111.731    0.057014
111.827    0.0301714
111.923    0.0240738
112.019    0.0413365
112.115    0.0757382
112.212    0.114684
112.308    0.144333
112.404    0.155122
112.5    0.145341
112.596    0.121327
112.692    0.0943381
112.788    0.0755278
112.885    0.0712168
112.981    0.0804371
113.077    0.095748
113.173    0.106924
113.269    0.105903
113.365    0.0908362
113.462    0.0674215
113.558    0.0468444
113.654    0.0410769
113.75    0.0574957
113.846    0.0951534
113.942    0.144423
114.038    0.190321
114.135    0.218198
114.231    0.219386
114.327    0.194351
114.423    0.15196
114.519    0.105257
114.615    0.0657061
114.712    0.0386093
114.808    0.0218013
114.904    0.00812349
115    -0.0096889
115.096    -0.0342737
115.192    -0.0615485
115.288    -0.0823979
115.385    -0.0873369
115.481    -0.0717904
115.577    -0.0392598
115.673    -0.000674443
115.769    0.029877
115.865    0.0410267
115.962    0.0288233
116.058    -0.00193758
116.154    -0.0402314
116.25    -0.0737776
116.346    -0.0939701
116.442    -0.0984797
116.538    -0.0905982
116.635    -0.0761216
116.731    -0.0597533
116.827    -0.0430342
116.923    -0.0247465
117.019    -0.00323079
117.115    0.0210304
117.212    0.0442827
117.308    0.0606052
117.404    0.0646592
117.5    0.0544896
117.596    0.032734
117.692    0.00550675
117.788    -0.0204457
117.885    -0.0407397
117.981    -0.0548584
118.077    -0.0654018
118.173    -0.0756216
118.269    -0.0867494
118.365    -0.0967149
118.462    -0.101007
118.558    -0.0951731
118.654    -0.077498
118.75    -0.050312
118.846    -0.0191899
118.942    0.00947675
119.038    0.0311318
119.135    0.0444522
119.231    0.0508097
119.327    0.0523061
119.423    0.0497564
119.519    0.042013
119.615    0.0271674
119.712    0.00494593
119.808    -0.0212484
119.904    -0.0441518
120    -0.0548543
120.096    -0.0465854
120.192    -0.0182458
120.288    0.0241883
120.385    0.0692882
120.481    0.104236
120.577    0.119528
120.673    0.11222
120.769    0.0863674
120.865    0.0507159
120.962    0.0149516
121.058    -0.0136595
121.154    -0.0318671
121.25    -0.0399812
121.346    -0.0401433
121.442    -0.0345828
121.538    -0.0248091
121.635    -0.0118881
121.731    0.00280689
121.827    0.0172164
121.923    0.0290473
122.019    0.0368062
122.115    0.0406382
122.212    0.0422272
122.308    0.0436131
122.404    0.0455571
122.5    0.046519
122.596    0.0430743
122.692    0.0317687
122.788    0.011477
122.885    -0.0151238
122.981    -0.0419957
123.077    -0.0621031
123.173    -0.0705739
123.269    -0.0669811
123.365    -0.0554499
123.462    -0.042459
123.558    -0.0334997
123.654    -0.0304486
123.75    -0.0311442
123.846    -0.0314175
123.942    -0.0283862
124.038    -0.0230192
124.135    -0.0203143
124.231    -0.0267633
124.327    -0.0463816
124.423    -0.0775362
124.519    -0.112528
124.615    -0.140467
124.712    -0.152173
124.808    -0.144622
124.904    -0.122573
