-25    0
-24.9038    0
-24.8077    0
-24.7115    0
-24.6154    0
-24.5192    0
-24.4231    0
-24.3269    0
-24.2308    0
-24.1346    0
-24.0385    0
-23.9423    0
-23.8462    0
-23.75    0
-23.6538    0
-23.5577    0
-23.4615    0
-23.3654    0
-23.2692    0
-23.1731    0
-23.0769    0
-22.9808    0
-22.8846    0
-22.7885    0
-22.6923    0
-22.5962    0
-22.5    0
-22.4038    0
-22.3077    0
-22.2115    0
-22.1154    0
-22.0192    0
-21.9231    0
-21.8269    0
-21.7308    0
-21.6346    0
-21.5385    0
-21.4423    0
-21.3462    0
-21.25    0
-21.1538    0
-21.0577    0
-20.9615    0
-20.8654    0
-20.7692    0
-20.6731    0
-20.5769    0
-20.4808    0
-20.3846    0
-20.2885    0
-20.1923    0
-20.0962    0
-20    0
-19.9038    0
-19.8077    0
-19.7115    0
-19.6154    0
-19.5192    0
-19.4231    0
-19.3269    0
-19.2308    0
-19.1346    0
-19.0385    0
-18.9423    0
-18.8462    0
-18.75    0
-18.6538    0
-18.5577    0
-18.4615    0
-18.3654    0
-18.2692    0
-18.1731    0
-18.0769    0
-17.9808    0
-17.8846    0
-17.7885    0
-17.6923    0
-17.5962    0
-17.5    0
-17.4038    0
-17.3077    0
-17.2115    0
-17.1154    0
-17.0192    0
-16.9231    0
-16.8269    0
-16.7308    0
-16.6346    0
-16.5385    0
-16.4423    0
-16.3462    0
-16.25    0
-16.1538    0
-16.0577    0
-15.9615    0
-15.8654    0
-15.7692    0
-15.6731    0
-15.5769    0
-15.4808    0
-15.3846    0
-15.2885    0
-15.1923    0
-15.0962    0
-15    0
-14.9038    0
-14.8077    0
-14.7115    0
-14.6154    0
-14.5192    0
-14.4231    0
-14.3269    0
-14.2308    0
-14.1346    0
-14.0385    0
-13.9423    0
-13.8462    0
-13.75    0
-13.6538    0
-13.5577    0
-13.4615    0
-13.3654    0
-13.2692    0
-13.1731    0
-13.0769    0
-12.9808    0
-12.8846    0
-12.7885    0
-12.6923    0
-12.5962    0
-12.5    0
-12.4038    0
-12.3077    0
-12.2115    0
-12.1154    0
-12.0192    0
-11.9231    0
-11.8269    0
-11.7308    0
-11.6346    0
-11.5385    0
-11.4423    0
-11.3462    0
-11.25    0
-11.1538    0
-11.0577    0
-10.9615    0
-10.8654    0
-10.7692    0
-10.6731    0
-10.5769    0
-10.4808    0
-10.3846    0
-10.2885    0
-10.1923    0
-10.0962    0
-10    0
-9.90385    0
-9.80769    0
-9.71154    0
-9.61538    0
-9.51923    0
-9.42308    0
-9.32692    0
-9.23077    0
-9.13462    0
-9.03846    0
-8.94231    0
-8.84615    0
-8.75    0
-8.65385    0
-8.55769    0
-8.46154    0
-8.36538    0
-8.26923    0
-8.17308    0
-8.07692    0
-7.98077    0
-7.88462    0
-7.78846    0
-7.69231    0
-7.59615    0
-7.5    0
-7.40385    0
-7.30769    0
-7.21154    0
-7.11538    0
-7.01923    0
-6.92308    0
-6.82692    0
-6.73077    0
-6.63462    0
-6.53846    0
-6.44231    0
-6.34615    0
-6.25    0
-6.15385    0
-6.05769    0
-5.96154    0
-5.86538    0
-5.76923    0
-5.67308    0
-5.57692    0
-5.48077    0
-5.38462    0
-5.28846    0
-5.19231    0
-5.09615    0
-5    0
-4.90385    0
-4.80769    0
-4.71154    0
-4.61538    0
-4.51923    0
-4.42308    0
-4.32692    0
-4.23077    0
-4.13462    0
-4.03846    0
-3.94231    0
-3.84615    0
-3.75    0
-3.65385    0
-3.55769    0
-3.46154    0
-3.36538    0
-3.26923    0
-3.17308    0
-3.07692    0
-2.98077    0
-2.88462    0
-2.78846    0
-2.69231    0
-2.59615    0
-2.5    0
-2.40385    0
-2.30769    0
-2.21154    0
-2.11538    0
-2.01923    0
-1.92308    0
-1.82692    0
-1.73077    0
-1.63462    0
-1.53846    0
-1.44231    0
-1.34615    0
-1.25    0
-1.15385    0
-1.05769    0
-0.961538    0
-0.865385    0
-0.769231    0
-0.673077    0
-0.576923    0
-0.480769    0
-0.384615    0
-0.288462    0
-0.192308    0
-0.0961538    0
-3.19744e-14    0
0.0961538    0
0.192308    0
0.288462    0
0.384615    0
0.480769    0
0.576923    0
0.673077    0
0.769231    0
0.865385    0
0.961538    0
1.05769    0
1.15385    0
1.25    0
1.34615    0
1.44231    0
1.53846    0
1.63462    0
1.73077    0
1.82692    0
1.92308    0
2.01923    0
2.11538    0
2.21154    0
2.30769    0
2.40385    0
2.5    0
2.59615    0
2.69231    0
2.78846    0
2.88462    0
2.98077    0
3.07692    0
3.17308    0
3.26923    0
3.36538    0
3.46154    0
3.55769    0
3.65385    0
3.75    0
3.84615    0
3.94231    0
4.03846    0
4.13462    0
4.23077    0
4.32692    0
4.42308    0
4.51923    0
4.61538    0
4.71154    0
4.80769    0
4.90385    0.0599701
5    -0.0530105
5.09615    -0.121689
5.19231    -0.119175
5.28846    -0.110075
5.38462    -0.179606
5.48077    -0.386811
5.57692    -0.728197
5.67308    -1.13034
5.76923    -1.47624
5.86538    -1.65379
5.96154    -1.60364
6.05769    -1.34381
6.15385    -0.959202
6.25    -0.561284
6.34615    -0.237483
6.44231    0.743418
6.53846    0.747858
6.63462    0.598743
6.73077    0.456877
6.82692    0.460839
6.92308    0.660411
7.01923    0.994282
7.11538    1.32023
7.21154    1.48298
7.30769    2.36375
7.40385    2.79845
7.5    2.12929
7.59615    3.24387
7.69231    3.05425
7.78846    3.17025
7.88462    3.37312
7.98077    3.24897
8.07692    2.1017
8.17308    2.23571
8.26923    2.24698
8.36538    2.16811
8.46154    1.92042
8.55769    1.47037
8.65385    0.841421
8.75    0.102566
8.84615    -0.660559
8.94231    -1.37679
9.03846    -2.00623
9.13462    -2.53412
9.23077    -2.94678
9.32692    -3.2062
9.42308    -3.243
9.51923    -3.70771
9.61538    -3.18671
9.71154    -2.35464
9.80769    -1.71177
9.90385    -0.305525
10    0.897735
10.0962    1.69112
10.1923    0.397137
10.2885    -0.24293
10.3846    -1.38075
10.4808    -2.60907
10.5769    -3.67109
10.6731    -4.38391
10.7692    -4.66625
10.8654    -4.52184
10.9615    -3.99642
11.0577    -3.13785
11.1538    -1.98415
11.25    -0.585513
11.3462    0.956423
11.4423    2.46265
11.5385    3.69188
11.6346    5.203
11.7308    5.12032
11.8269    4.6903
11.9231    3.71345
12.0192    1.72564
12.1154    0.935722
12.2115    0.982325
12.3077    2.05122
12.4038    3.91555
12.5    6.01846
12.5962    7.64039
12.6923    8.14187
12.7885    7.19395
12.8846    4.90802
12.9808    1.81242
13.0769    -1.3184
13.1731    -3.71989
13.2692    -4.88391
13.3654    -4.70733
13.4615    -3.49443
13.5577    -1.82226
13.6538    -0.328237
13.75    0.497831
13.8462    0.445786
13.9423    -0.392896
14.0385    -1.70215
14.1346    -3.07249
14.2308    -4.13103
14.3269    -4.62876
14.4231    -4.47014
14.5192    -3.69634
14.6154    -2.44655
14.7115    -0.919762
14.8077    0.653646
14.9038    2.03426
15    3.00004
15.0962    3.38222
15.1923    3.10571
15.2885    2.21948
15.3846    0.900717
15.4808    -0.575772
15.5769    -1.89787
15.6731    -2.78897
15.7692    -3.07111
15.8654    -2.70036
15.9615    -1.76765
16.0577    -0.469682
16.1538    0.93803
16.25    2.19301
16.3462    3.0735
16.4423    3.4373
16.5385    3.24878
16.6346    2.58993
16.7308    1.64948
16.8269    0.685603
16.9231    -0.0353701
17.0192    -0.311452
17.1154    -0.0669822
17.2115    0.619557
17.3077    1.53684
17.4038    2.40891
17.5    2.98895
17.5962    3.14473
17.6923    2.90266
17.7885    2.43183
17.8846    1.97308
17.9808    1.73968
18.0769    1.82839
18.1731    2.17523
18.2692    2.57283
18.3654    2.74233
18.4615    2.43234
18.5577    1.50904
18.6538    0.00648552
18.75    -1.87692
18.8462    -3.83076
18.9423    -5.51267
19.0385    -6.62947
19.1346    -6.99673
19.2308    -6.56521
19.3269    -5.41485
19.4231    -3.726
19.5192    -1.74022
19.6154    0.279137
19.7115    2.08147
19.8077    3.45784
19.9038    4.26509
20    4.44458
20.0962    4.03224
20.1923    3.15482
20.2885    2.00864
20.3846    0.821734
20.4808    -0.193615
20.5769    -0.885245
20.6731    -1.18901
20.7692    -1.13095
20.8654    -0.803465
20.9615    -0.325266
21.0577    0.198625
21.1538    0.70084
21.25    1.15143
21.3462    1.53742
21.4423    1.83667
21.5385    2.00437
21.6346    1.98387
21.7308    1.7399
21.8269    1.2978
21.9231    0.764605
22.0192    0.313397
22.1154    0.128724
22.2115    0.332219
22.3077    0.921713
22.4038    1.7562
22.5    2.60069
22.5962    3.21674
22.6923    3.45963
22.7885    3.33555
22.8846    2.98723
22.9808    2.60988
23.0769    2.33492
23.1731    2.1395
23.2692    1.83256
23.3654    1.13419
23.4615    -0.180466
23.5577    -2.13745
23.6538    -4.49177
23.75    -6.77032
23.8462    -8.42238
23.9423    -9.01909
24.0385    -8.417
24.1346    -6.81327
24.2308    -4.66686
24.3269    -2.51926
24.4231    -0.793178
24.5192    0.344495
24.6154    1.00069
24.7115    1.45648
24.8077    2.00441
24.9038    2.80269
25    3.81175
25.0962    4.83428
25.1923    5.62736
25.2885    6.02273
25.3846    5.99269
25.4808    5.63276
25.5769    5.07894
25.6731    4.41218
25.7692    3.60717
25.8654    2.55619
25.9615    1.15549
26.0577    -0.593839
26.1538    -2.52826
26.25    -4.34307
26.3462    -5.68744
26.4423    -6.28976
26.5385    -6.05417
26.6346    -5.08472
26.7308    -3.63018
26.8269    -1.98169
26.9231    -0.376113
27.0192    1.05048
27.1154    2.24536
27.2115    3.18014
27.3077    3.79458
27.4038    3.98252
27.5    3.63263
27.5962    2.70197
27.6923    1.27868
27.7885    -0.407147
27.8846    -2.03876
27.9808    -3.31344
28.0769    -4.04241
28.1731    -4.20266
28.2692    -3.91755
28.3654    -3.37889
28.4615    -2.75241
28.5577    -2.11534
28.6538    -1.45578
28.75    -0.728779
28.8462    0.0670221
28.9423    0.840012
29.0385    1.41672
29.1346    1.61364
29.2308    1.33588
29.3269    0.651824
29.4231    -0.198666
29.5192    -0.874073
29.6154    -1.05366
29.7115    -0.561454
29.8077    0.560987
29.9038    2.06344
30    3.57249
30.0962    4.71685
30.1923    5.24222
30.2885    5.07356
30.3846    4.30848
30.4808    3.15461
30.5769    1.84409
30.6731    0.561845
30.7692    -0.587809
30.8654    -1.57193
30.9615    -2.39146
31.0577    -3.03923
31.1538    -3.47539
31.25    -3.63151
31.3462    -3.44098
31.4423    -2.88234
31.5385    -2.01628
31.6346    -0.999057
31.7308    -0.0617251
31.8269    0.54369
31.9231    0.618456
32.0192    0.0892729
32.1154    -0.947554
32.2115    -2.23042
32.3077    -3.3915
32.4038    -4.05758
32.5    -3.96192
32.5962    -3.02881
32.6923    -1.39896
32.7885    0.615211
32.8846    2.62863
32.9808    4.29952
33.0769    5.41784
33.1731    5.93476
33.2692    5.92757
33.3654    5.52364
33.4615    4.82343
33.5577    3.861
33.6538    2.61907
33.75    1.08706
33.8462    -0.671834
33.9423    -2.48402
34.0385    -4.08341
34.1346    -5.18101
34.2308    -5.55746
34.3269    -5.13828
34.4231    -4.01943
34.5192    -2.43435
34.6154    -0.679321
34.7115    0.969436
34.8077    2.31426
34.9038    3.25341
35    3.76212
35.0962    3.85773
35.1923    3.57221
35.2885    2.94501
35.3846    2.03369
35.4808    0.928435
35.5769    -0.24488
35.6731    -1.33951
35.7692    -2.21528
35.8654    -2.76554
35.9615    -2.93215
36.0577    -2.70569
36.1538    -2.11795
36.25    -1.23707
36.3462    -0.170424
36.4423    0.930706
36.5385    1.87853
36.6346    2.48056
36.7308    2.59481
36.8269    2.18956
36.9231    1.37676
37.0192    0.392707
37.1154    -0.479107
37.2115    -1.01788
37.3077    -1.15999
37.4038    -1.02893
37.5    -0.876266
37.5962    -0.951239
37.6923    -1.3558
37.7885    -1.95699
37.8846    -2.40935
37.9808    -2.29158
38.0769    -1.30591
38.1731    0.547652
38.2692    2.90745
38.3654    5.13822
38.4615    6.54642
38.5577    6.6392
38.6538    5.31993
38.75    2.93627
38.8462    0.158215
38.9423    -2.26523
39.0385    -3.77202
39.1346    -4.17017
39.2308    -3.67031
39.3269    -2.76474
39.4231    -2.01117
39.5192    -1.81254
39.6154    -2.27671
39.7115    -3.20007
39.8077    -4.16651
39.9038    -4.71218
40    -4.49093
40.0962    -3.38676
40.1923    -1.54736
40.2885    0.658116
40.3846    2.73487
40.4808    4.1836
40.5769    4.6211
40.6731    3.87827
40.7692    2.05646
40.8654    -0.475067
40.9615    -3.14924
41.0577    -5.3316
41.1538    -6.48212
41.25    -6.30126
41.3462    -4.81083
41.4423    -2.33769
41.5385    0.596356
41.6346    3.43789
41.7308    5.75551
41.8269    7.32594
41.9231    8.1268
42.0192    8.25434
42.1154    7.81916
42.2115    6.88011
42.3077    5.45171
42.4038    3.57608
42.5    1.40988
42.5962    -0.737485
42.6923    -2.45622
42.7885    -3.37285
42.8846    -3.31489
42.9808    -2.42208
43.0769    -1.13867
43.1731    -0.0726584
43.2692    0.228414
43.3654    -0.508576
43.4615    -2.17335
43.5577    -4.31889
43.6538    -6.34439
43.75    -7.73311
43.8462    -8.23907
43.9423    -7.94223
44.0385    -7.15491
44.1346    -6.23255
44.2308    -5.38493
44.3269    -4.58028
44.4231    -3.58573
44.5192    -2.11938
44.6154    -0.034982
44.7115    2.55432
44.8077    5.27467
44.9038    7.61382
45    9.10921
45.0962    9.51486
45.1923    8.87443
45.2885    7.47511
45.3846    5.71374
45.4808    3.94382
45.5769    2.3733
45.6731    1.05063
45.7692    -0.0707679
45.8654    -1.03734
45.9615    -1.82622
46.0577    -2.33826
46.1538    -2.45123
46.25    -2.09805
46.3462    -1.3232
46.4423    -0.285263
46.5385    0.79492
46.6346    1.71123
46.7308    2.33337
46.8269    2.62268
46.9231    2.60072
47.0192    2.29573
47.1154    1.70378
47.2115    0.790604
47.3077    -0.465465
47.4038    -2.01535
47.5    -3.70336
47.5962    -5.28087
47.6923    -6.47069
47.7885    -7.05481
47.8846    -6.94432
47.9808    -6.19779
48.0769    -4.98056
48.1731    -3.48749
48.2692    -1.87051
48.3654    -0.207904
48.4615    1.47106
48.5577    3.12457
48.6538    4.63976
48.75    5.81774
48.8462    6.42037
48.9423    6.26381
49.0385    5.31621
49.1346    3.75068
49.2308    1.92212
49.3269    0.270993
49.4231    -0.809422
49.5192    -1.08892
49.6154    -0.554445
49.7115    0.614023
49.8077    2.12728
49.9038    3.6879
50    5.06372
50.0962    6.10838
50.1923    6.73339
50.2885    6.86168
50.3846    6.39968
50.4808    5.25259
50.5769    3.38076
50.6731    0.869841
50.7692    -2.02512
50.8654    -4.8933
50.9615    -7.24729
51.0577    -8.64644
51.1538    -8.82251
51.25    -7.76234
51.3462    -5.71766
51.4423    -3.13847
51.5385    -0.553487
51.6346    1.5623
51.7308    2.89214
51.8269    3.32606
51.9231    2.9469
52.0192    1.9676
52.1154    0.64726
52.2115    -0.78429
52.3077    -2.17039
52.4038    -3.43111
52.5    -4.53267
52.5962    -5.44113
52.6923    -6.08385
52.7885    -6.33858
52.8846    -6.05898
52.9808    -5.12983
53.0769    -3.53095
53.1731    -1.38201
53.2692    1.0555
53.3654    3.42784
53.4615    5.37834
53.5577    6.64645
53.6538    7.13969
53.75    6.9498
53.8462    6.30584
53.9423    5.48223
54.0385    4.69877
54.1346    4.05219
54.2308    3.50452
54.3269    2.92819
54.4231    2.18284
54.5192    1.1871
54.6154    -0.0458413
54.7115    -1.41929
54.8077    -2.79723
54.9038    -4.05264
55    -5.09283
55.0962    -5.85135
55.1923    -6.2592
55.2885    -6.22298
55.3846    -5.63605
55.4808    -4.4297
55.5769    -2.64453
55.6731    -0.483438
55.7692    1.69265
55.8654    3.44264
55.9615    4.3784
56.0577    4.30402
56.1538    3.30167
56.25    1.72167
56.3462    0.0730506
56.4423    -1.14676
56.5385    -1.61729
56.6346    -1.29101
56.7308    -0.385531
56.8269    0.718814
56.9231    1.62852
57.0192    2.07099
57.1154    1.96382
57.2115    1.40332
57.3077    0.592853
57.4038    -0.246626
57.5    -0.942479
57.5962    -1.39263
57.6923    -1.55146
57.7885    -1.40514
57.8846    -0.962578
57.9808    -0.271518
58.0769    0.552986
58.1731    1.31481
58.2692    1.76186
58.3654    1.6551
58.4615    0.860895
58.5577    -0.571396
58.6538    -2.38454
58.75    -4.16043
58.8462    -5.42907
58.9423    -5.80403
59.0385    -5.09887
59.1346    -3.38679
59.2308    -0.988127
59.3269    1.60563
59.4231    3.84532
59.5192    5.24476
59.6154    5.48343
59.7115    4.47565
59.8077    2.39722
59.9038    -0.335679
60    -3.13813
60.0962    -5.37385
60.1923    -6.50041
60.2885    -6.20876
60.3846    -4.51449
60.4808    -1.76454
60.5769    1.45335
60.6731    4.47645
60.7692    6.75493
60.8654    7.99619
60.9615    8.21444
61.0577    7.67169
61.1538    6.74035
61.25    5.74879
61.3462    4.8744
61.4423    4.12272
61.5385    3.38828
61.6346    2.55513
61.7308    1.57988
61.8269    0.515294
61.9231    -0.531754
62.0192    -1.47697
62.1154    -2.3201
62.2115    -3.15113
62.3077    -4.09366
62.4038    -5.21469
62.5    -6.45174
62.5962    -7.60121
62.6923    -8.38093
62.7885    -8.54034
62.8846    -7.96577
62.9808    -6.72932
63.0769    -5.05839
63.1731    -3.24251
63.2692    -1.52529
63.3654    -0.0342059
63.4615    1.22179
63.5577    2.29428
63.6538    3.21662
63.75    3.95273
63.8462    4.4035
63.9423    4.46595
64.0385    4.10894
64.1346    3.41876
64.2308    2.58472
64.3269    1.82884
64.4231    1.31567
64.5192    1.09023
64.6154    1.07683
64.7115    1.13766
64.8077    1.15666
64.9038    1.10083
65    1.02459
65.0962    1.01713
65.1923    1.12661
65.2885    1.31015
65.3846    1.44453
65.4808    1.39675
65.5769    1.11628
65.6731    0.693384
65.7692    0.342204
65.8654    0.306684
65.9615    0.731293
66.0577    1.56267
66.1538    2.53776
66.25    3.27285
66.3462    3.41682
66.4423    2.79783
66.5385    1.49384
66.6346    -0.205285
66.7308    -1.92292
66.8269    -3.34464
66.9231    -4.31865
67.0192    -4.86415
67.1154    -5.09497
67.2115    -5.11047
67.3077    -4.92027
67.4038    -4.4469
67.5    -3.60261
67.5962    -2.39136
67.6923    -0.97003
67.7885    0.376813
67.8846    1.34539
67.9808    1.75246
68.0769    1.63151
68.1731    1.22892
68.2692    0.893052
68.3654    0.906183
68.4615    1.3413
68.5577    2.01674
68.6538    2.57444
68.75    2.64657
68.8462    2.03137
68.9423    0.794845
69.0385    -0.747702
69.1346    -2.15788
69.2308    -3.04525
69.3269    -3.20374
69.4231    -2.65719
69.5192    -1.60678
69.6154    -0.320759
69.7115    0.971212
69.8077    2.12965
69.9038    3.09117
70    3.81603
70.0962    4.24314
70.1923    4.2867
70.2885    3.87648
70.3846    3.0116
70.4808    1.7863
70.5769    0.362958
70.6731    -1.09759
70.7692    -2.50707
70.8654    -3.87367
70.9615    -5.25448
71.0577    -6.65546
71.1538    -7.93546
71.25    -8.77997
71.3462    -8.78036
71.4423    -7.60013
71.5385    -5.15724
71.6346    -1.73147
71.7308    2.06812
71.8269    5.4787
71.9231    7.83599
72.0192    8.79663
72.1154    8.43377
72.2115    7.16557
72.3077    5.55364
72.4038    4.06743
72.5    2.92299
72.5962    2.06371
72.6923    1.27825
72.7885    0.383252
72.8846    -0.630442
72.9808    -1.56588
73.0769    -2.11777
73.1731    -2.0465
73.2692    -1.33497
73.3654    -0.243849
73.4615    0.767487
73.5577    1.21984
73.6538    0.809321
73.75    -0.470814
73.8462    -2.33373
73.9423    -4.31924
74.0385    -5.96901
74.1346    -6.9759
74.2308    -7.24726
74.3269    -6.86994
74.4231    -6.01302
74.5192    -4.82864
74.6154    -3.40239
74.7115    -1.77013
74.8077    0.0214075
74.9038    1.85523
75    3.52691
75.0962    4.78408
75.1923    5.40459
75.2885    5.27548
75.3846    4.43623
75.4808    3.06969
75.5769    1.44991
75.6731    -0.127355
75.7692    -1.40493
75.8654    -2.20199
75.9615    -2.43136
76.0577    -2.10632
76.1538    -1.34228
76.25    -0.347981
76.3462    0.606957
76.4423    1.25582
76.5385    1.42024
76.6346    1.08698
76.7308    0.436763
76.8269    -0.202422
76.9231    -0.473279
77.0192    -0.137298
77.1154    0.810999
77.2115    2.12079
77.3077    3.37283
77.4038    4.14711
77.5    4.19763
77.5962    3.55378
77.6923    2.4983
77.7885    1.42993
77.8846    0.674828
77.9808    0.33765
78.0769    0.265414
78.1731    0.142745
78.2692    -0.328272
78.3654    -1.25358
78.4615    -2.46702
78.5577    -3.58795
78.6538    -4.19217
78.75    -4.01477
78.8462    -3.08643
78.9423    -1.73599
79.0385    -0.456322
79.1346    0.304465
79.2308    0.329339
79.3269    -0.287813
79.4231    -1.20062
79.5192    -1.97294
79.6154    -2.26534
79.7115    -1.95937
79.8077    -1.1696
79.9038    -0.150706
80    0.843491
80.0962    1.67486
80.1923    2.3562
80.2885    2.99905
80.3846    3.71176
80.4808    4.50719
80.5769    5.26878
80.6731    5.78857
80.7692    5.85195
80.8654    5.32287
80.9615    4.18903
81.0577    2.55373
81.1538    0.59241
81.25    -1.49215
81.3462    -3.48911
81.4423    -5.17145
81.5385    -6.2846
81.6346    -6.56492
81.7308    -5.80582
81.8269    -3.95677
81.9231    -1.20965
82.0192    1.98243
82.1154    4.9866
82.2115    7.16003
82.3077    8.0493
82.4038    7.53798
82.5    5.8762
82.5962    3.57502
82.6923    1.20932
82.7885    -0.785352
82.8846    -2.23327
82.9808    -3.20846
83.0769    -3.90917
83.1731    -4.48806
83.2692    -4.92958
83.3654    -5.04001
83.4615    -4.55646
83.5577    -3.31815
83.6538    -1.40897
83.75    0.808546
83.8462    2.79486
83.9423    4.0306
84.0385    4.22036
84.1346    3.40855
84.2308    1.95349
84.3269    0.372323
84.4231    -0.870143
84.5192    -1.53154
84.6154    -1.64646
84.7115    -1.44877
84.8077    -1.2092
84.9038    -1.07424
85    -0.988107
85.0962    -0.734908
85.1923    -0.0766679
85.2885    1.08486
85.3846    2.60642
85.4808    4.11579
85.5769    5.13835
85.6731    5.28318
85.7692    4.40766
85.8654    2.68909
85.9615    0.574066
86.0577    -1.37245
86.1538    -2.65692
86.25    -3.01407
86.3462    -2.47806
86.4423    -1.35228
86.5385    -0.0994912
86.6346    0.80333
86.7308    0.998048
86.8269    0.332717
86.9231    -1.1107
87.0192    -3.04475
87.1154    -5.04744
87.2115    -6.65823
87.3077    -7.48022
87.4038    -7.26925
87.5    -5.99012
87.5962    -3.82495
87.6923    -1.12869
87.7885    1.65777
87.8846    4.11168
87.9808    5.91783
88.0769    6.91685
88.1731    7.103
88.2692    6.58269
88.3654    5.51924
88.4615    4.09052
88.5577    2.47341
88.6538    0.849421
88.75    -0.588059
88.8462    -1.64618
88.9423    -2.17228
89.0385    -2.10818
89.1346    -1.53108
89.2308    -0.653087
89.3269    0.232183
89.4231    0.841082
89.5192    0.993395
89.6154    0.667038
89.7115    -0.0106658
89.8077    -0.830268
89.9038    -1.59311
90    -2.18514
90.0962    -2.59777
90.1923    -2.89034
90.2885    -3.11923
90.3846    -3.27596
90.4808    -3.2703
90.5769    -2.96926
90.6731    -2.271
90.7692    -1.17351
90.8654    0.200468
90.9615    1.63697
91.0577    2.90622
91.1538    3.84126
91.25    4.38016
91.3462    4.55358
91.4423    4.43019
91.5385    4.05634
91.6346    3.42828
91.7308    2.51537
91.8269    1.32082
91.9231    -0.0583548
92.0192    -1.41391
92.1154    -2.47205
92.2115    -2.98787
92.3077    -2.84484
92.4038    -2.10856
92.5    -1.00456
92.5962    0.172041
92.6923    1.17152
92.7885    1.87207
92.8846    2.28968
92.9808    2.51379
93.0769    2.6085
93.1731    2.53866
93.2692    2.16874
93.3654    1.34245
93.4615    0.00493484
93.5577    -1.69981
93.6538    -3.41779
93.75    -4.68299
93.8462    -5.09263
93.9423    -4.48554
94.0385    -3.0404
94.1346    -1.24141
94.2308    0.28385
94.3269    0.992553
94.4231    0.628392
94.5192    -0.685231
94.6154    -2.49711
94.7115    -4.20131
94.8077    -5.25941
94.9038    -5.384
95    -4.61679
95.0962    -3.28092
95.1923    -1.83723
95.2885    -0.70701
95.3846    -0.129018
95.4808    -0.0966705
95.5769    -0.386604
95.6731    -0.656407
95.7692    -0.570004
95.8654    0.0924031
95.9615    1.37035
96.0577    3.11658
96.1538    5.04163
96.25    6.79108
96.3462    8.03201
96.4423    8.52647
96.5385    8.17582
96.6346    7.02901
96.7308    5.25845
96.8269    3.11558
96.9231    0.882607
97.0192    -1.16637
97.1154    -2.79015
97.2115    -3.7964
97.3077    -4.05972
97.4038    -3.54926
97.5    -2.36208
97.5962    -0.744408
97.6923    0.922979
97.7885    2.19195
97.8846    2.66159
97.9808    2.10808
98.0769    0.579901
98.1731    -1.58908
98.2692    -3.86824
98.3654    -5.69835
98.4615    -6.67838
98.5577    -6.69563
98.6538    -5.94296
98.75    -4.81413
98.8462    -3.72293
98.9423    -2.92774
99.0385    -2.44178
99.1346    -2.06906
99.2308    -1.54539
99.3269    -0.711584
99.4231    0.370826
99.5192    1.42358
99.6154    2.07748
99.7115    2.05929
99.8077    1.34518
99.9038    0.199284
100    -0.928777
100.096    -1.60296
100.192    -1.60138
100.288    -1.01854
100.385    -0.214985
100.481    0.366154
100.577    0.42913
100.673    -0.0102982
100.769    -0.610749
100.865    -0.85496
100.962    -0.298488
101.058    1.19696
101.154    3.35606
101.25    5.56301
101.346    7.08856
101.442    7.37496
101.538    6.25716
101.635    4.02821
101.731    1.32556
101.827    -1.10869
101.923    -2.69076
102.019    -3.17659
102.115    -2.69912
102.212    -1.6644
102.308    -0.56628
102.404    0.195535
102.5    0.424019
102.596    0.132742
102.692    -0.526333
102.788    -1.36407
102.885    -2.2317
102.981    -3.04566
103.077    -3.764
103.173    -4.34409
103.269    -4.71653
103.365    -4.79514
103.462    -4.51814
103.558    -3.89498
103.654    -3.02825
103.75    -2.0922
103.846    -1.27247
103.942    -0.692316
104.038    -0.359537
104.135    -0.160234
104.231    0.0951385
104.327    0.591075
104.423    1.42472
104.519    2.55567
104.615    3.80794
104.712    4.92291
104.808    5.64202
104.904    5.8759
105    5.36846
105.096    4.4392
105.192    3.10723
105.288    1.67034
105.385    0.423264
105.481    -0.432815
105.577    -0.841055
105.673    -0.88447
105.769    -0.733247
105.865    -0.569815
105.962    -0.524333
106.058    -0.645131
106.154    -0.910079
106.25    -1.26493
106.346    -1.6631
106.442    -2.12773
106.538    -3.11965
106.635    -3.21513
106.731    -3.14301
106.827    -2.89503
106.923    -2.42479
107.019    -1.67027
107.115    -0.602572
107.212    0.725209
107.308    2.0618
107.404    2.35481
107.5    2.60897
107.596    2.75217
107.692    1.51588
107.788    0.826988
107.885    0.0597415
107.981    -0.58316
108.077    -0.569487
108.173    0.369323
108.269    0.228311
108.365    0.086938
108.462    -0.0359083
108.558    -0.107277
108.654    -0.104168
108.75    -0.032569
108.846    0.0700259
108.942    0.149827
109.038    0.160615
109.135    0.0828629
109.231    -0.0715396
109.327    -0.269542
109.423    -0.474259
109.519    -0.646964
109.615    0.00905969
109.712    -0.0173639
109.808    -0.1447
109.904    -0.0438048
110    -0.491079
110.096    -0.885632
110.192    -1.11795
110.288    -0.017858
110.385    0.0416081
110.481    0.0815761
110.577    0.0798319
110.673    0.0352536
110.769    -0.0321248
110.865    -0.0913927
110.962    -0.114817
111.058    -0.0878602
111.154    -0.0109596
111.25    0.105253
111.346    0.245563
111.442    0.391435
111.538    0.517547
111.635    0.446183
111.731    -0.342046
111.827    -0.392408
111.923    -0.648304
112.019    -0.709862
112.115    0
112.212    0
112.308    0
112.404    0
112.5    0
112.596    0
112.692    0
112.788    0
112.885    0
112.981    0
113.077    0
113.173    0
113.269    0
113.365    0
113.462    0
113.558    0
113.654    0
113.75    0
113.846    0
113.942    0
114.038    0
114.135    0
114.231    0
114.327    0
114.423    0
114.519    0
114.615    0
114.712    0
114.808    0
114.904    0
115    0
115.096    0
115.192    0
115.288    0
115.385    0
115.481    0
115.577    0
115.673    0
115.769    0
115.865    0
115.962    0
116.058    0
116.154    0
116.25    0
116.346    0
116.442    0
116.538    0
116.635    0
116.731    0
116.827    0
116.923    0
117.019    0
117.115    0
117.212    0
117.308    0
117.404    0
117.5    0
117.596    0
117.692    0
117.788    0
117.885    0
117.981    0
118.077    0
118.173    0
118.269    0
118.365    0
118.462    0
118.558    0
118.654    0
118.75    0
118.846    0
118.942    0
119.038    0
119.135    0
119.231    0
119.327    0
119.423    0
119.519    0
119.615    0
119.712    0
119.808    0
119.904    0
120    0
120.096    0
120.192    0
120.288    0
120.385    0
120.481    0
120.577    0
120.673    0
120.769    0
120.865    0
120.962    0
121.058    0
121.154    0
121.25    0
121.346    0
121.442    0
121.538    0
121.635    0
121.731    0
121.827    0
121.923    0
122.019    0
122.115    0
122.212    0
122.308    0
122.404    0
122.5    0
122.596    0
122.692    0
122.788    0
122.885    0
122.981    0
123.077    0
123.173    0
123.269    0
123.365    0
123.462    0
123.558    0
123.654    0
123.75    0
123.846    0
123.942    0
124.038    0
124.135    0
124.231    0
124.327    0
124.423    0
124.519    0
124.615    0
124.712    0
124.808    0
124.904    0
125    0
