 0.525 0.275 0.525 0.625 0.6749999999999999 0.275
 0.625 0.175 0.575 0.725 0.525 0.6749999999999999
 0.525 0.325 0.525 0.525 0.525 0.6749999999999999
 0.525 0.375 0.525 0.725 0.425 0.1
 0.475 0.425 0.525 0.625 0.575 0.175
 0.525 0.525 0.525 0.575 0.625 0.425
 0.575 0.525 0.575 0.575 0.475 0.1
 0.625 0.375 0.525 0.6749999999999999 0.625 0.275
 0.625 0.525 0.625 0.775 0.725 0.725
 0.525 0.375 0.525 0.725 0.425 0.1
 0.575 0.1 0.525 0.625 0.725 0.6749999999999999
 0.575 0.425 0.625 0.625 0.6749999999999999 0.275
 0.525 0.225 0.525 0.575 0.525 0.1
 0.475 0.125 0.525 0.575 0.425 0.125
 0.525 0.225 0.475 0.575 0.725 0.325


