-9.651564635537139836e+00
-4.841541841008550229e+00
1.793132590103013513e+01
1.331927697905569197e+01
9.303625526842434823e+00
-1.303272633792230728e+01
-2.911835973149100454e+01
-1.751229219542533855e+01
5.113339003778896164e+00
2.434438118399912199e+01
-6.132046054929841006e+00
-1.614856208162699502e+01
-1.139773865384274032e+01
3.035119442689920177e+01
2.573773458081813104e+01
-2.439341033588585717e+01
-7.112925277696080073e+00
1.342496650587955109e+01
-3.584529307913842722e+00
-3.286146738149857249e+00
7.367054509559516795e+00
2.655880163368042890e+00
-5.302530940328490594e+00
1.897196471146014929e+01
-1.553062032508150780e+00
-3.162237175199481243e+01
1.362023167371362220e+01
1.440101761885308385e+01
2.582929774976965831e+01
8.740454508459261973e+00
-3.360088970937896136e+01
-2.467615461272730215e+01
1.086933749597165466e+01
6.212101598914387957e+00
1.685840962092291662e+01
-7.667923821145206098e-01
-1.197858966422874083e+01
-1.549294563780500589e+01
1.775251099769667107e+00
1.586494923123206746e+01
7.150673942291405627e-01
-7.753346614259442937e+00
-1.556440849597976950e+01
7.333056925740064180e+00
9.753692160670903277e+00
1.400708741561861892e+01
2.985215179581612421e+00
-1.020231071318924521e+01
-1.000934353956513512e+01
-4.974154727920273800e+00
5.477630164788357625e+00
1.654812744131107394e+01
-7.533531121073917092e+00
-1.699110195533251044e+00
-1.450936238145986579e+01
-5.766054931196925581e-01
-7.563540143343443489e+00
-7.828757593144815452e+00
1.647905659597216399e+01
2.158957099761407861e+01
4.786076397542348815e+00
-9.882645869403205552e+00
-1.327878791808688774e+01
1.127285053756235200e+01
-9.385242731964217100e+00
-1.565716313633079437e+01
-1.188008843062851128e+01
-2.824215694873235094e+00
1.542190254314175313e+01
9.455800097742496746e+00
2.737754797099623971e+01
3.326910720127288279e+00
-1.819757453994466090e+01
-3.169410159924940462e+00
7.037008284609495234e+00
7.086495527747306511e+00
-1.839976585812258136e+01
-4.908426750780072290e+00
-1.002215626663700343e+00
-1.329011115169690882e+01
-2.217183935243630444e+00
2.186342259096637264e+01
9.604085322406476166e+00
9.379475358337531432e+00
-1.771150697973323584e+00
-1.400627414828593054e+01
3.562682432527621845e+00
-7.091433407399383881e+00
-7.757993121241554491e+00
2.965086998336202928e+00
-1.400583291025224497e+01
-4.576702174641316567e+00
-2.104022615228678283e+00
8.684367695122501729e+00
1.224647149914131816e+01
3.708222689358219526e+00
-6.446406089898967018e+00
-4.746615856273682432e+00
-1.857976883246412747e+00
1.374871870246885486e+01
6.461297642145463982e+00
-2.034449361737236117e+01
-4.986338053543519777e+00
2.724912784582759873e+00
-1.818712380598798717e+01
-6.656269001691295983e+00
2.416036286610930972e+01
-8.317273036045914836e+00
-1.580054809836555130e+01
-1.888066588747402186e+00
1.478452159153052037e+01
1.933628863025743172e+01
3.995973553795749478e+00
-4.874139213044311525e+00
-1.557925960081867700e+01
-1.139684321482019413e+01
-1.214976038022647309e+01
3.477156512349132367e+00
1.076743476098568841e+01
4.369823078143952877e+00
-1.311266040888036066e+01
-5.644251987391666781e+00
2.322267688552810228e+01
-4.716516687159499455e+00
-1.113757863456005559e+01
2.534286066801476167e+01
-3.162094522176814304e-01
1.770878071776375851e-01
-1.347615838528650745e-01
1.181500858247248459e-01
-1.136790588868570734e-01
1.188160729731914944e-01
-1.383284696108306178e-01
2.060182887234777160e-01
1.346052678339204967e+01
1.076706314751729643e+01
1.326677559159581143e+01
7.758080311860899858e-01
3.177895079662833577e+00
-1.543808158260603314e+01
8.356259473760465628e-01
2.240142304939717999e+00
-7.035376107507124388e+00
-4.713693893597841189e+00
-5.770487775048931844e+00
-5.726825969916490289e-01
1.364669699489594912e+01
1.734919364839370148e+00
-1.005169965505067964e+01
-2.305164383520033056e+01
1.654702758199944945e+00
1.895585495163506096e+01
9.012947884067580517e+00
1.610541882284305260e+01
2.478701396639927945e-01
-9.805546694114624984e+00
-2.528675492701232486e+01
-1.830236813089562986e+01
3.250119965679777234e+00
3.620686575118670980e+00
-2.839581205162862609e+00
8.201852492187027721e+00
2.522544430103452484e+01
-7.367257048519793905e+00
-1.046833076422763931e+01
1.374940054825160018e+01
1.067851078309293378e+01
-1.565417831099333767e+01
-1.263615470831277676e+01
-9.250907756173138097e+00
-1.167939423606978622e+01
-1.635312681085621556e+00
8.439107079162713632e+00
1.029092408608189757e+01
7.546803667685593631e+00
3.478340399060357857e-01
-2.960036073143142321e+00
7.842207934917937884e+00
9.531676907760642692e+00
-2.480139274663889992e+01
-2.555058476048611382e+01
-2.179930092029878974e+00
1.780880277523193911e+01
1.517795381018990319e+01
3.042913354244960011e+00
-1.578036118981012592e+01
-3.086753709307710203e+00
2.383323576908894736e+00
-2.698115531807380313e-02
5.651379593182418226e+00
2.526857215203190510e+00
-3.504763947223535681e+00
-3.816561856394195207e+00
9.229236633763793662e+00
-2.471012195797147371e+00
-2.620251435226561654e+01
-3.105669783765986480e+01
3.464941572197677999e+01
1.383005995368495711e+01
6.891350938659160263e+00
4.009678953931588019e+00
-1.058974308493139560e+01
-1.062824163227431384e+01
1.322105629884169353e+00
7.739266051678251657e+00
-1.817592312129270971e+00
-1.580743914904449987e+01
-1.946563745815729773e-01
3.639523567953434569e+00
-6.359975402005801470e+00
-2.638040303652939400e+00
6.794392809596534022e+00
1.458909886675630041e+01
-1.492654310471051460e+01
-2.259039565499076829e+01
-3.940318420895821960e-01
1.984318474557020551e+01
2.146064229246952948e+01
6.006587898650080248e+00
-2.566249390024212218e+01
-2.118461407133472818e+01
1.322722775034946530e+01
4.795956459485434031e+00
-1.362476540166774441e+01
-1.209708571232214780e+01
-3.382535448528179334e+00
1.144945321035249108e+01
2.315950786424477670e+01
2.624199588201790689e+01
-6.822708961627779622e+00
-1.583061488428158547e+01
-1.200606837294327711e+01
-2.757110679422940791e+01
6.383225560263947607e-01
5.885995449194518336e+00
8.229587599908841256e+00
3.836433526650862458e+00
-9.921831650519289170e+00
-3.135404034302081921e+00
2.903701077757002480e+00
8.094684235748140111e+00
1.152796301261843759e+01
1.366264630948512693e+00
-1.189279247527305072e+00
-9.123654930511939654e+00
1.854976727269448844e+00
-9.670724314473732264e+00
-6.961429459680926080e+00
7.950464425949366198e-02
-1.593702142248267428e+01
1.071211462622682120e+01
1.633011888554382907e+01
1.169633211722528365e+01
2.259405655355040121e+00
-1.179786367519786161e+01
-2.759940630843480491e+01
-6.629782100771236308e+00
8.882329370189205875e+00
8.423426134277720578e+00
3.450845968587301638e+00
