-2.603956839903659670e+01
-1.264748722080178744e+01
1.664046568722110564e+01
1.092555647912096894e+01
-2.108926754723794872e+01
-1.889807828340185125e+01
2.416780038065133951e+01
2.459566286271766344e+01
1.584551129547043580e+00
6.029458362854148490e+00
7.099096304785728506e+00
-6.222036981374245102e+00
-4.990673775414287583e+00
-1.222155324644385033e+01
2.548228009429339469e+00
-5.734247783821496469e+00
-6.943440393566420177e+00
2.519077744927471940e+00
-2.694188669313903972e+01
-2.736463039788037577e+01
3.902890117306935025e+01
3.928659025777417924e+01
-5.876096947007295235e+00
3.191321499326117195e+00
-2.425771001015400330e+00
2.167667748372895886e+00
-2.129444691483590280e+00
2.231964853764417889e+00
-2.467257914943595587e+00
2.880960487485177968e+00
-3.624338237641621774e+00
5.300920722054694778e+00
-5.215978320837667326e+00
-9.222798169192222062e+00
1.272675727636692322e+01
-2.133845231478576210e+01
-1.000435201418077469e+01
1.769780291101407244e+01
1.475452558603091902e+01
-3.989877016941392185e+01
-6.307648880022519222e+00
2.080128043963225792e+01
1.526358839360788622e+01
5.431887204298859739e-01
2.522929220328926192e+00
-1.797356278867288992e+01
1.146339761756212328e+00
5.824684004367596479e+00
-1.345520278441628026e+00
2.967279627217172422e+00
6.233758359414003358e+00
4.847123361959066123e+00
1.250944414887285694e+00
-5.131502308198612639e+00
1.090274247525887041e+01
2.251567716350579218e+01
-2.344157500892983848e+01
-4.040366043132138429e+01
1.153346015015781667e+01
2.849806027438051892e+00
1.102962245530468444e+01
2.401183061674080577e+01
-7.282223662492611105e+00
-1.738757514969697837e+01
2.189295641082358745e+00
1.039133681831627243e+01
-2.282901514498749407e+01
-1.670062520496297864e+01
1.901317897209373697e+01
1.205976106682681070e+01
-9.285309605518163423e+00
-2.121466358571869293e+01
1.531625625574514160e+01
1.033035359854825153e+01
-2.192459396466768240e+01
-1.170957617954336882e+01
1.748651183276480126e+01
5.760663335797267415e+00
-1.242266932837504712e+01
-4.688468211623789905e+00
3.353221223027933906e+00
8.337172678226790978e+00
2.036988928064972271e+01
-1.322413219821825159e+01
-1.001241841369083652e+01
5.531201807658050917e+00
-1.590717571482229431e+01
-2.248289079128051871e+00
9.135203849002195398e+00
-1.428025289239261397e+01
-1.508127037858701236e+01
1.467626612330304248e+01
1.093224257245915787e+01
6.931504076505319745e+00
4.704788569526709985e+00
8.182895060626147909e+00
9.602706675334012232e+00
-2.096846253845587427e+00
-3.868899749178864056e+01
-6.947514606590121211e+00
8.005626676403055697e+00
-7.776027788174781463e+00
-1.993595622885174379e+01
7.149230408843048501e+00
2.294642459851213800e+01
7.538278307161667691e+00
7.825232460670518364e+00
1.188672187843410732e+01
-1.234036239021816783e+01
-3.239433764616408240e+01
1.032035349758603715e+01
1.106716276978724878e+01
-4.204809452017724603e+00
-3.720300373492659407e+00
-2.250003277027344240e+01
-1.111564650756819184e+01
1.322710094083914001e+01
1.064486318838370060e+01
1.555255587555044094e+01
2.962951004114042775e+00
-1.045758976194033885e+01
-1.850159014161322091e+01
1.446592334036887140e+00
1.166672024775836647e+01
7.185787001824163467e-02
1.201062597412375865e+00
1.678522375904071140e+01
3.577541734679890340e+00
-8.644885703618205852e+00
-1.123115706888655474e+01
-6.083023735484308858e+00
-7.765868189844242764e+00
-1.189551253615120707e+01
-1.909143431749109254e+01
2.388701594685824503e+01
5.722972814202621805e+01
5.378492289323946629e+00
-2.271938695557440013e+01
-1.861366593798427616e+01
-2.054416257264871959e+01
-3.834339726774286028e+00
2.078203880885755694e+01
1.315403985991081015e+01
-3.613825675121131553e+01
-1.743030754589325682e+01
1.221473311435772757e+01
9.933099270197493169e+00
-5.657958474190412090e-01
4.572235868213097021e+00
1.158998306011921109e+01
4.535465604499803405e+00
1.930623586721325280e+00
-2.593137052425771305e+00
-2.437862827359808904e+01
-1.922365532091719942e+01
1.513290081957985933e+01
-6.995423395406653810e+00
-3.094926347507110975e+01
-3.009627544092059459e+00
2.840444949795834972e+01
1.038297034809822073e+01
-1.844060182790232716e+01
-1.290714579596125056e+01
1.213445451034687572e+01
1.168884377747606962e+01
2.930322847922311458e-01
3.274099838366692161e+00
8.789004119896620892e+00
-5.043910453687091788e+00
-4.096967727039240614e+00
-3.854877536056500187e+00
-2.508469535907317294e+01
-4.245994149443990118e+00
1.003487671699911310e+01
5.403149668016919094e+00
1.102536625709558393e+01
7.771069901232547039e+00
1.369989115433827997e+01
2.041647247492331019e+01
1.659690869171339678e+00
-4.082546624582369788e+01
-2.585180131447835450e+01
1.846469090952624370e+01
-3.806555576001309227e+00
-1.021627893189454905e+00
1.809177786267884613e+01
5.421635234071500165e+00
-1.659709763904705682e+01
2.368122084811496997e+00
1.089727251926094098e+01
3.664773833639587863e+00
-2.406125526491118549e+00
1.918512657185697989e+01
1.095957082635958457e+01
-1.832068682388122483e+01
-1.478431238585368845e+01
2.081024541365708025e+00
-2.558541805917773715e+01
-1.803710127568268717e+01
2.659521478659981675e+00
2.610742562862772687e+01
3.201938225231874924e+01
1.420967603202665153e+01
-1.308116872286810839e+01
-1.967248869613392870e+01
-3.627122914969685041e+01
-2.800107694694116578e+00
9.795955181217001595e+00
1.079918014703989826e+01
1.867229844370065450e+00
-7.471396822308295604e+00
-6.462470620232125817e-01
1.307685722250285920e+01
1.611595160208659117e+00
-6.664078483919142926e+00
-9.633667592759863396e+00
1.672549365209177452e+01
8.815611671372060698e+00
-1.128956198969449964e+01
9.060761105168467111e+00
-1.794171076717654145e+01
-5.761759411279345322e+00
1.396476558455245076e+01
-2.790962263604845894e+00
-7.476469306653298119e+00
-2.922173812643358737e+00
-1.654759888228682740e+01
-3.116932633541627862e+00
3.002480086097798306e+01
2.875271886897956719e+01
-8.823061128726697788e+00
-1.069834294237318773e+01
-6.874385985660262044e+00
6.644987292167268578e+00
-1.746495725163648771e+01
-1.943718418439191709e+01
5.525520587257798155e+00
1.196431665455017068e+01
-5.407692729322758352e-01
2.186707284538970342e+00
6.755105813563247352e+00
3.133290233981046669e+01
2.374713772941665368e+01
-3.273984772950769440e+01
-2.298551842518378407e+01
1.326935594710273492e+01
4.864564862281404167e+00
-7.973801282306718363e+00
4.078882868832852004e+00
-8.510647806280696059e+00
-3.566726523307295338e+01
-1.408756845190355556e+01
1.266229111037316279e+01
3.017682530096826099e+01
1.745072418074466469e+01
-7.382905973320325721e+00
8.068897012040620709e+00
1.451713375495426028e+01
-1.339928473702353884e+01
-2.613755654685308727e+01
