3.651090929931842055e+01
-5.186764426969730835e+01
-3.588685518958438792e+01
4.307817508516172289e+00
1.201152332508242893e+01
5.263940435315467070e+00
6.338567343138146626e+00
-1.377047542686080028e+01
-1.420117111194758408e+01
4.506412287529978578e+00
1.491703641426616933e+01
6.213806252774330297e+00
-1.048870910902425635e+01
-1.179393414635156212e+01
8.977190257985805388e+00
2.812990563390900078e+01
1.843015140068777669e+01
-1.161424325988854278e+01
-5.269365569933375681e+00
-1.549927830890155889e+01
-1.443078022432255736e+01
-2.857842586863913237e+00
2.024868420545710279e+01
1.922075969679236351e+01
7.446714583613716520e+00
2.487751018554691940e-01
-5.331206767163666704e+00
6.609251092280568507e+00
1.757371449523452700e+00
4.333375671891725567e+00
-1.621008069972979371e+01
-1.000311109436935375e+01
5.014607948171038165e-01
-7.099199650050521448e+00
1.354083772565326349e+01
1.763336861980301862e+01
-2.511221487367514271e+00
-4.285215938002085778e+00
-7.868015159004348114e+00
3.706933510180713931e+00
6.606817699214415640e+00
-2.169529259366768326e+00
-1.239523897548385634e+01
-4.244618256409846246e+00
1.540698518781353243e+01
1.964509599500561876e+01
-1.752553578449347782e+01
-3.414489606555985990e+00
2.348710747171663726e+00
-6.503612783278113874e+00
6.357008518379269724e+00
9.305716874670004302e+00
-1.819401833329823504e+01
-6.717611264697170848e-01
-1.300432631483825041e+01
-8.379033273036938567e+00
-1.683585970479935856e+00
1.327774313791695970e+00
1.163324671526819465e+01
1.540807005916910377e+01
-2.040836117504802871e+01
-1.230967988855362272e+01
1.023193690788262167e+01
1.228457103839285303e+00
-2.317783000114987502e+01
1.912834849473872012e+01
1.853926743617536843e+01
8.096347457591102525e+00
-3.180821692378654753e+00
-2.157879125180721758e+01
-1.609109792704042619e+01
1.271579223548240556e+01
-9.647409045270487482e-01
2.863265074642766805e+00
2.109372271693727541e+01
-5.781462776220887001e+00
-2.281271045306306888e+01
8.653451568508545577e+00
1.731321961998532544e+01
-3.223322739998550013e+00
-3.093070570799836272e+00
-6.415889451724136272e+00
1.068262359616815454e-01
-1.088254042341766592e+00
-2.615231467363024009e+01
-1.230699394531736957e+01
6.851173401406141394e+00
1.789146987257301546e+01
1.109262229775624675e+01
4.316858513233065686e+00
1.852097660859448380e+00
1.855242955925775039e+00
-5.688999154940325376e+00
-1.182393270752179326e+01
4.609891476500215468e+00
2.354188187128743692e+01
-1.899939853910511189e+01
-6.761707949071024792e+00
5.800717969288502474e+00
2.345012533153159051e+00
1.450517671359815353e+01
-4.086926519589724194e-01
-2.271655107841510457e+01
1.522803801998006357e+01
-1.336263096577570586e+00
-9.907528009029171301e+00
4.090726085608723750e+00
1.353887346985954565e+01
4.406041073538465302e-01
-1.647534039384553495e+01
-1.942285113428690924e+00
8.318659538600698511e+00
9.304000409401851357e+00
-6.063714596614938834e+00
3.951011240538313540e+00
6.110989432466524818e+00
1.290551643200317322e+01
2.065698664890648573e+00
-5.373294146418500894e+00
1.097303763596670123e+01
-3.024057481123139102e+00
-3.316903652767554433e+01
-2.336428373905429012e+01
1.378222401562062949e+01
2.052524113645030113e+01
3.337473346460094081e+00
-2.789144045157495366e+00
1.018138161907559613e+01
1.125038613225407325e+01
-9.513162262875773934e+00
-1.749051733639634776e+01
5.487876475346918984e-03
-4.106094784588633750e+00
-1.303894557714888691e+01
1.102820174775495410e+01
1.247563828069958447e+01
-8.787744743532436287e-01
-3.355814096345230091e+00
1.070208178384469200e+01
-2.192451866760065204e+00
1.929514282906748202e+00
-2.101389030928156210e+00
-1.200667102011546139e-02
-1.742425399266760877e+01
-1.092852212498494779e+01
5.455465475185615754e-01
-6.493569793367134357e-01
3.181660207409068852e-01
1.474943482047346777e+01
2.222373835387939778e+01
9.180512026793476110e+00
-1.010911186607091850e+01
-2.049726834498386552e+01
9.490294605919363136e+00
1.073071965071884648e+01
-4.883886903235083565e+01
-7.749329031072247354e+00
2.383983523197258947e+01
-3.025206217093131533e-01
6.551151334328453757e+00
7.788311182766082474e+00
2.078113499780699414e+01
-1.173034407428424863e+01
-2.050269852514422908e+01
5.688232215375078837e+00
2.226585202144710607e+01
1.936719419276030152e+01
-1.836606711718939522e+01
-1.969289696317263960e+01
-1.106976547110287790e+01
3.005489885327698563e+00
9.958776363371049101e+00
9.709828330595000612e-01
-2.113516529838470603e+00
3.945972458635739477e-02
3.719781857945648085e+00
8.900364392287132276e+00
7.582024717983070206e-01
1.365355119129734973e+01
-7.365992371818878226e+00
-1.156954586519568906e+01
-9.487829418261604530e+00
-4.232449177463873013e+01
1.819922210625991710e+01
2.562753525405341293e+01
4.252604045932073973e+00
-4.618365579911650087e+00
-7.867032833310462214e-01
1.705497263992896695e+00
1.067212225255076952e+01
4.341985445446261416e+00
-1.360981993097089671e+01
-7.163470179834629192e+00
1.013931190575123331e+01
4.689152592146458076e+00
-6.333575095737055349e+00
-1.600738348797462862e+01
-5.666917305553694106e+00
3.685493805534195477e+00
1.400585251960009492e+00
1.263862341145340906e+01
2.122625505914813715e+01
-1.320359656490618094e-01
-1.825156829951051440e+00
1.758270618760382042e+00
-1.407090945812894311e+01
-1.512058061995356617e+01
1.240733237469423855e+01
-1.478502323190126644e+00
-1.688419585545384294e-01
-1.066032499211778273e+01
-9.059826369484429875e+00
1.631454924562798681e+01
1.961829848271774424e+01
-1.026907766324532645e+01
-1.299659705182896374e+01
4.952248214740613719e+00
3.529171885369894124e+00
-2.792135962193408982e+00
-1.749074784384272718e-01
3.825914949993779679e+00
2.011396253314887694e+00
7.328410215768655256e+00
9.720620492220870545e+00
-9.679834911689292554e+00
-1.616459486261162581e+01
-7.785947594501050339e-01
7.641363025244007900e+00
9.379878346219832963e+00
6.520317766913157342e+00
-7.723711518261811904e+00
-2.857784022113133426e-01
1.347838881099124819e+01
1.387635122094791340e+00
9.553112126485874711e+00
-1.688311084422998221e+01
-3.435958431719740247e+01
-4.075201734610806703e+00
2.638399584266320019e+01
-1.385582508404650914e+00
-5.869449249988607065e+00
-1.396823043529645814e+00
-5.457845880373043412e-01
6.081650905410079133e+00
1.610523300786669942e+00
-1.189850276265041984e+01
-4.444280845103060429e+00
9.619319932598950018e+00
1.992030344583260515e+01
1.115027015111128605e+01
-1.878381497604059902e+01
-1.174218844000080608e+01
5.418448884756221773e+00
1.756018758799470803e+01
-1.177804074232813036e+01
-1.721403231239693454e+01
2.082814359943559523e+01
-9.354117418897747172e+00
4.606103302542265965e+00
1.958981408713527728e+01
