1.46419 -13.9857
1.8488 -28.1026
2.23342 11.9551
2.61803 25.2556
3.00265 -1.15997
3.38727 20.5141
3.77188 1.92523
4.1565 -22.8586
4.54111 -16.7901
4.92573 -2.8846
5.31034 9.50971
5.69496 12.25
6.07957 -3.81532
6.46419 -2.29123
6.8488 -11.3905
7.23342 12.0216
7.61803 25.4411
8.00265 -17.6027
8.38727 -12.0793
8.77188 -8.52861
9.1565 1.16833
9.54111 -24.0798
9.92573 -4.57879
10.3103 35.3582
10.695 13.9554
11.0796 -23.2955
11.4642 -14.8004
11.8488 5.2766
12.2334 -1.95252
12.618 8.40076
13.0027 4.81596
13.3873 -13.4279
13.7719 -14.4203
14.1565 18.7929
14.5411 20.3679
14.9257 0.269766
15.3103 -12.1837
15.695 -10.267
16.0796 -2.24587
16.4642 14.029
16.8488 12.7393
17.2334 -14.9871
17.618 -7.38833
18.0027 -3.62069
18.3873 3.15952
18.7719 2.8893
19.1565 6.64672
19.5411 -21.2122
19.9257 -3.39882
20.3103 14.4367
20.695 3.44208
21.0796 4.17446
21.4642 -3.18248
21.8488 -12.9379
22.2334 0.641627
22.618 14.2564
23.0027 -0.112715
23.3873 -21.3018
23.7719 5.00119
24.1565 30.0973
24.5411 -1.79216
24.9257 -31.0229
25.3103 -4.55893
25.695 -1.65897
26.0796 -6.5078
26.4642 2.87184
26.8488 9.30114
27.2334 -0.952735
27.618 18.3906
28.0027 18.5765
28.3873 -17.6486
28.7719 -39.3391
29.1565 -4.66729
29.5411 14.5218
29.9257 4.23515
30.3103 -11.7854
30.695 -10.8582
31.0796 20.2356
31.4642 9.15884
31.8488 -5.93104
32.2334 7.26942
32.618 9.55133
33.0027 -0.314989
33.3873 -0.714
33.7719 -0.527962
34.1565 -7.3973
34.5411 7.99688
34.9257 -6.25965
35.3103 -18.8552
35.695 -0.903195
36.0796 18.9711
36.4642 14.0867
36.8488 9.62226
37.2334 0.579084
37.618 -10.6152
38.0027 21.3754
38.3873 0.349428
38.7719 -38.2483
39.1565 -35.3184
39.5411 19.2031
39.9257 25.519
40.3103 11.4744
40.695 -17.5303
41.0796 -23.4855
41.4642 8.66837
41.8488 13.7425
42.2334 9.488
42.618 -8.94949
43.0027 -28.8129
43.3873 -13.8979
43.7719 -0.486512
44.1565 22.3694
44.5411 29.5011
44.9257 12.6935
45.3103 -13.4469
45.695 2.31203
46.0796 9.28867
46.4642 4.22076
46.8488 0.802676
47.2334 1.72098
47.618 -8.76081
48.0027 -32.8588
48.3873 -12.0104
48.7719 18.4552
49.1565 27.4661
49.5411 -4.00831
49.9257 -0.11985
50.3103 6.64895
50.695 19.0475
51.0796 -27.1157
51.4642 -16.2146
51.8488 6.54395
52.2334 6.57031
52.618 -33.6364
53.0027 -5.39779
53.3873 30.478
53.7719 9.20954
54.1565 -3.94448
54.5411 -4.039
54.9257 10.3868
55.3103 18.0739
55.695 -22.496
56.0796 -21.8066
56.4642 1.01477
56.8488 -1.23131
57.2334 6.55918
57.618 10.0068
58.0027 -2.41664
58.3873 -11.7381
58.7719 5.12822
59.1565 17.2337
59.5411 9.96728
59.9257 7.37602
60.3103 1.89472
60.695 -24.3121
61.0796 -12.1912
61.4642 -13.5738
61.8488 13.4045
62.2334 12.645
62.618 -16.9587
63.0027 3.50032
63.3873 25.5188
63.7719 1.18063
64.1565 -15.3836
64.5411 4.14491
64.9257 -0.512074
65.3103 -6.85683
65.695 2.27319
66.0796 2.25616
66.4642 -9.40038
66.8488 -14.1836
67.2334 -9.4924
67.618 14.722
68.0027 26.2937
68.3873 2.59972
68.7719 -6.32159
69.1565 3.24095
69.5411 -1.53229
69.9257 4.34923
70.3103 4.77278
70.695 -37.3899
71.0796 -16.6956
71.4642 23.4089
71.8488 12.4756
72.2334 -2.59376
72.618 -2.16048
73.0027 10.2678
73.3873 -7.18485
73.7719 2.30861
74.1565 9.3166
74.5411 3.94524
74.9257 -0.131627
75.3103 -3.78665
75.695 0.400742
76.0796 9.16805
76.4642 -7.5242
76.8488 -18.2932
77.2334 10.191
77.618 10.0527
78.0027 -11.757
78.3873 15.4961
78.7719 23.0879
79.1565 -4.73498
79.5411 -37.3095
79.9257 -9.33466
80.3103 13.5778
80.695 0.824724
81.0796 14.7933
81.4642 -12.1284
81.8488 7.24264
82.2334 7.27979
82.618 6.26309
83.0027 3.2761
83.3873 -30.6166
83.7719 -25.0599
84.1565 4.71244
84.5411 25.1081
84.9257 26.2188
85.3103 6.16876
85.695 -6.18741
86.0796 -4.26423
86.4642 -1.57808
86.8488 -1.94263
87.2334 -8.337
87.618 -4.75484
88.0027 5.21305
88.3873 -0.714682
88.7719 6.48049
89.1565 12.7833
89.5411 1.30058
89.9257 4.83209
90.3103 -5.38189
90.695 -13.8938
91.0796 -12.1001
91.4642 16.8813
91.8488 -0.169749
92.2334 -7.62855
92.618 -0.0795517
93.0027 -3.06335
93.3873 -1.76638
93.7719 -0.0888342
94.1565 11.5765
94.5411 7.94495
94.9257 -12.5006
95.3103 -0.738926
95.695 14.2681
96.0796 -4.39869
96.4642 -9.14695
96.8488 7.96542
97.2334 -0.970991
97.618 -18.3685
98.0027 6.5936
98.3873 4.14041
98.7719 -16.5127
99.1565 4.69677
99.5411 -2.06942
99.9257 0.367265
100.31 26.7435
100.695 0.613804
101.08 -11.4119
