-2.933510635397832900e+01
-1.437020543862593236e+01
-3.237850930789468729e-01
9.857912343069312300e+00
2.546283034778967291e+01
1.181267530361008333e+01
-9.171901468167927618e+00
-1.884497117911805963e+00
7.684716028864841952e-01
-1.910415031383983475e+01
-1.207241945782324422e+01
1.618355906886101891e+01
8.155610508157636218e+00
-3.656859567001215172e+00
6.260563176926210005e+00
1.790492648298830858e+01
1.124727757080301593e+01
-2.279715083108194662e+01
-1.850248384713739114e+01
1.472338510983624893e+01
-1.088503328946472415e+01
-9.418807444409786456e+00
1.907729375379952330e+01
3.452511701590120907e+01
-6.981599061307767862e+00
-3.734560376472290955e+01
2.293318068516878860e-01
-1.606190313549571203e+00
2.353282326895001830e+00
6.434248841734048874e+00
-3.910054186802667253e-01
1.629590670808418551e+01
5.502258103328175665e+00
-3.815871475217339537e+01
1.068265513318582904e+01
1.953894519203317159e+01
2.094101318031042158e+00
-3.070904283925170453e-01
-1.051581096160995266e+01
-3.599989101303318062e+00
1.495292339780367818e+01
2.238159433969575840e+00
-1.506638498254677039e+01
-5.668037810514961805e+00
3.768452649398453591e+00
1.423261153331375706e+00
-1.740407284018037259e+01
1.470606687123375700e+01
1.975019087619049074e+01
-6.311308689482238776e+00
-9.161685313766659178e+00
-1.233352720426440730e+00
2.800820662800096006e+00
4.883537004007294513e+00
3.385922206480771912e+00
-1.493854814439283585e+00
-2.609338418442105123e+01
-1.375902270889358192e+01
8.930283963164308503e+00
2.106574462001525205e+01
1.809790715105119929e+01
-1.036713543438260032e+01
-2.102171055931990384e+00
4.992003835303333581e+00
-6.618684560186648191e+00
-7.566129211829541568e+00
-1.356523901923562470e+01
1.601781073417161139e+00
-5.007006891449109709e+00
-2.152986382341000926e+00
2.165027069891838352e+00
4.766347142299838247e+00
9.009963527005746542e+00
1.268117410718065718e+00
6.844770883172917486e+00
-1.014782856049726512e+01
1.956882867172811957e-01
-4.534411197239262670e+00
-7.865511461778179836e+00
1.269761046169563734e+01
7.849846553643236469e+00
4.273553671093842099e-01
3.670652463227761064e+00
1.456905089992551527e+00
-1.397898059198412746e+01
7.084081874125140565e+00
1.216930632232513432e+01
-5.607697212630541550e+00
-8.718410854802527865e+00
7.634637568505151961e+00
3.847126358715517114e+00
-4.578929968506514570e+00
-1.817173909371716300e+00
-8.748504201193584962e+00
-3.228139029153030304e+00
8.957126903691737141e+00
1.542794515433215530e+01
-1.273346998314120349e+01
-1.286894850279451852e+01
2.414710815249180076e+00
9.897115410773018596e+00
-7.489363375329896044e+00
-2.069658482516869569e+01
1.053919455748338052e+01
8.502727522811765581e+00
9.004091178359676206e+00
1.570296881718647519e+01
-4.437204591232046802e+00
-2.161919101469940685e+01
-2.104699712622759833e+01
-1.083810238964374228e+01
2.278539746583749803e+01
1.500182709929161540e+01
-9.969978633810464785e+00
-1.227516830497046563e+01
4.840602465648544239e+00
-2.960851290288805338e+00
-9.473884194002323511e+00
2.060816881425726610e+00
1.112104287684825543e+01
2.269427971127671739e+01
1.620290489111330245e+01
-8.655664888267098789e+00
-1.187766348863452226e+00
1.516197586543397424e+00
-2.662806411209755453e+01
-3.219037041965863466e+01
-1.230867924355302101e+01
8.377992820821429376e+00
1.329108194381144870e+01
2.263768693777538843e+01
2.006395830595823782e+01
1.378821994397797646e+01
-1.906527265118908021e+00
-3.520955698987088311e+01
-9.900262169067778117e+00
7.567315910650685984e-01
-5.184618897014664718e+00
-2.767809282665338877e+00
-1.878926234897116387e+01
1.696266364353942890e+01
1.607697698993807478e+01
-1.904491655608367529e+00
-7.431261916014951785e-01
8.439009536383762722e+00
1.279926581200681213e+01
6.788908947208441624e+00
-1.117307381670351596e+00
-3.386540361851762526e+01
-1.417394573143805481e+01
1.396719060018035385e+01
-9.391543324228186052e+00
1.267491640746803760e+01
4.951251470996329118e+00
-7.201154970644907394e+00
-6.002364928271242128e-01
1.001696130731397716e+01
4.377047042036373625e+00
-2.092996737612775160e+00
-9.385520125411071390e+00
7.115225531824006744e+00
3.967724794529840615e+00
-1.415241245035064743e+01
-2.061206844565858454e+00
1.002419272942400319e+01
1.336328991806583666e+01
1.982283227625422528e+00
-1.613702877482339915e+01
-2.712071712649247957e+01
-7.035222749137899356e+00
1.045367318122132971e+01
8.701847198091423152e+00
1.291866172217664577e+01
1.970355425637914237e+01
4.955832621714350239e+00
-3.190759880098643464e+01
-4.892036682170609829e+00
-1.130581554821012524e+01
-1.160678951960371741e+01
-3.609970516367478677e+00
-9.836539139449559377e-01
1.494558968580017932e+01
8.477499210697946097e+00
-2.011323647001546089e+00
-4.640037206013419180e+00
-1.241247813287053914e+00
5.665360815910790215e+00
-4.305401885210655699e-01
-3.716432555864438658e+00
1.258299119009066303e+01
1.675359811155912837e+01
-1.621569246762418715e+01
-4.905495083651261012e+01
-2.445199126161723413e+01
1.643190350607750005e+01
2.739115375604172087e+01
1.752951366964481039e+01
9.244723940982833454e+00
-9.255368411527786776e+00
-8.176392414008999410e+00
9.676104639731821777e+00
1.898302581126717348e+00
-7.099818035487507117e+00
-8.559988212855257572e+00
-8.338023224031962499e+00
-1.051023845859460293e+00
-5.175412911240371283e-01
-8.845177746292911536e+00
-2.880610261479537915e+00
2.017643013611290925e+01
1.705261951832108025e+01
-1.271782168451577544e+00
-2.072064096266252431e+00
-1.167424899017358086e+01
-1.019209318177491141e+01
4.941515951598337786e+00
6.937382866400662706e+00
3.578826467350674889e+00
-1.064426516226703967e+01
-1.373014309599360239e+01
7.163310286530806259e+00
1.441774838294744399e+01
1.326102897571237627e+01
-1.681908791856117347e+01
-3.058566860760831574e+01
-3.269867025457346532e+00
2.475046941895269370e+01
2.694344410564145775e+01
2.054908128834951775e+00
-2.002080619172529197e+01
-2.177412350826199550e+00
1.011457158499487141e+00
-6.864734347902677891e-01
5.354778227560595960e-01
-4.441289153425620473e-01
3.742727976981340410e-01
-3.013940722702098118e-01
1.825025694458627945e-01
1.826117404090548679e-01
-9.170580618720752142e+00
-7.430983339879369431e+00
1.583928009893818256e+01
1.324710671978477627e+01
-1.045549750557425561e+01
-5.556060464933533893e+00
1.297698171886942831e+01
-8.154731799357443078e-01
1.281061298786102531e+00
6.762875632892170197e-01
-2.831270226271410007e+00
-4.589626648089702776e+00
-1.547707625164867817e+00
1.386111119399721581e+01
2.908940378224644352e+00
-1.880860160102726653e+01
4.862848266133839914e+00
-2.066746171004802513e+00
-1.435628054381754204e+01
1.095522278841816011e+01
1.868108667334609763e+01
