9.176683478911287217e-01
-2.118267840386429057e+01
-2.856530017402845800e+01
1.046354447883703287e+01
1.464683733728795234e+00
-3.322093308490693619e+00
8.107610082192854506e+00
3.242163659286625421e+00
-5.784531709988839587e+00
2.701859416932796520e+01
2.462019612146474046e+01
-1.352620811930444411e+01
-3.073410730949829528e+00
-6.753705494784477459e+00
-1.688052825736792784e+01
7.070601659606346345e+00
1.668415138840253320e+01
-1.985487689780165255e+01
-6.098825777563819273e+00
2.672887957225345446e+01
2.952374285576697233e+00
-2.415299196932435066e+01
-1.680720740018122106e+00
1.652243968222562032e+01
-1.572103285626902824e+00
1.727761724473968918e+00
4.313964042310008296e+00
-3.091572409058326532e+00
4.476193866041001890e+00
4.336174351242387814e+00
-1.384047718464535492e+01
-1.579845210060284444e+01
1.622083838230889086e+00
9.539567161457346955e+00
2.135721604034945997e+01
-9.826724059104853026e+00
-1.973689956980751603e+01
-2.268209517432735112e+01
-1.223600967001632966e+01
2.213312258305436231e+01
1.934429752559328008e+01
-2.318424623770950532e+01
-2.084910763038356762e+01
7.994629249999172238e+00
1.233323209329244463e+01
2.083824948219097095e+01
-3.243936860873389616e+00
-3.940975527816275559e+01
1.107391878360230386e+01
-1.119845195686809980e+01
7.684526245818741330e-01
1.334085967220658020e+01
-6.399416794978097123e+00
-1.760373872896226644e+01
1.097029447686031034e+01
1.878858866455337662e+01
4.974921583891868337e+00
4.322329238681660968e+00
-5.651918756610983863e+00
-4.000970471444194487e+00
-2.879378777543423418e+00
-6.084086057029113093e+00
3.203082231001020297e+00
1.972071377124638047e+01
-1.968033348497900903e+01
-2.636749274458931680e+01
2.057758226132752721e+00
1.027082769302000642e+01
1.802169093937677147e+01
1.050084119536485794e+01
3.122041332707520489e+00
-8.596815596447248353e+00
-5.612914350473013236e+00
6.504246090097144384e-01
-1.256368096551812252e+00
-2.065603109765599399e+01
-3.440289056919745736e+00
1.933421827763893575e+01
-1.225282646117352492e+01
1.478913004837749767e+01
1.710559915350189186e+01
1.097375966661072288e+00
-9.160896959701965159e+00
-1.747924146003402868e+01
-1.029491296129758560e+01
1.527935686092689238e+01
1.883306034925422168e+01
5.047366403433823479e+00
-1.089293194969327594e+01
-2.220225920189612978e+01
-1.059522006132867311e+01
-1.160686044193834476e+01
-6.119310379680741541e+00
3.243618700295495927e+01
1.733696085856979252e+01
-5.070243531533855652e+00
7.928134564265757689e+00
1.324820290489240016e+01
-3.781450241980119387e+01
4.794675246440934124e+00
5.373576586925468135e+00
-6.411181720626064617e+00
-8.043459898621597048e+00
-1.109747255565604362e+01
1.413996124843243152e+01
3.239064276134417497e+01
-1.718007432686441760e+01
-2.209847250696258669e+01
-3.460694314324704646e+00
1.304804516729278774e+01
5.659189460487554335e+00
-1.000739309989041104e+01
9.547258821682289565e+00
7.640279297716406681e+00
-1.930409943472024992e+01
-9.234996428663542645e+00
1.341898221439134709e+01
5.686426537696743111e+00
-1.579983175051548550e+01
-3.941406685460151910e-02
9.953904738056831292e+00
3.915188300541652122e+00
-4.716974082408500912e+00
4.435924584560565265e+00
1.955710302945729140e+01
-4.634470451904699750e+00
-2.672545319119306129e+01
-1.074542523220780410e+01
2.134783951531815660e+00
-4.126368451685756555e-02
-1.039974322736058943e+00
1.145133992821100577e+01
2.547303406437877449e+00
1.251687103548275815e+01
2.526872714122465879e+01
-1.475114540279716024e+01
-9.713060724369843024e-01
-6.420867298918155441e+00
-9.466998434152213093e+00
8.165472528961236875e+00
1.697775976283528010e+01
3.880396563579124880e+00
-7.432478328853397542e+00
-6.808317219277850718e+00
4.624041839761010131e+00
1.402256353118452736e+01
-1.180216988627591057e+00
-2.571447625153234640e+01
8.692747333714834213e-01
2.700625834516887380e+01
1.048720386640810176e+01
1.389629595938649942e+01
9.039553483251220101e+00
-2.225386713288726526e+01
-4.647591687448013431e+01
2.504671122747786249e+00
7.420264468324806906e+00
1.173578395796142892e+01
4.418434668255906139e+00
3.751975012958028710e+00
2.710720430242927392e+01
3.423146069755146570e+00
-1.841527408329084992e+01
-5.261703964031959613e-01
1.111893455419903098e+01
-1.735174730647533536e+01
-1.463071180829665607e+01
-1.216193939096206211e+00
7.438468086821884206e+00
8.305588386746810770e+00
-4.746249860556563505e+00
-7.783895018922346587e-01
2.036717370672113603e+01
1.232282902866855423e+01
2.923195159096177775e+00
-6.252684843630112788e+00
1.980208866989262573e+00
1.985417264777303403e+00
-2.071635251970248248e+01
-1.664812427710487341e+01
-3.004858052292455284e+00
1.020994727930569113e+01
1.577934148268498049e+01
1.119174118276337637e+01
-1.597660684981661472e+00
6.538228851352319015e-01
-7.535486751049249143e+00
7.455445746318032363e+00
4.886297621245487832e+00
3.752776317449930676e+00
-3.845008475108949941e+00
-2.094260292346147079e+00
-2.952732010104310856e-01
-1.210118099686359727e+01
6.356342019230892149e+00
4.064462682254482151e-01
-3.539862281265597765e+00
5.126827764770297335e+00
6.414699574627829470e+00
6.835951415970106915e+00
1.429384137419148182e+01
3.566491632851183979e+00
-1.019499219701709336e+01
1.981712394328729587e+00
4.400589723117487750e+00
-1.389928679686507706e+01
1.165031107328230853e+01
1.638033441398018653e+01
-1.387457121014115558e+01
1.332086205297230741e+01
-2.378527175306155428e+01
-4.199207551111233450e+00
1.549547090314384157e+01
1.231448670450944860e+01
3.851769336000295141e+00
-8.067858630965028865e+00
-9.087738160451930725e+00
5.977220804213477123e+00
1.860078185299288833e+01
1.002514438742989178e+01
-1.999316176929820443e+01
-1.779533943255159301e+01
4.849985837870637972e+00
1.575319368449640045e+01
-6.307791015466976403e-02
9.396281594763230771e+00
7.026717044987385918e+00
-7.492026866450169464e+00
9.647865820083149302e+00
-9.696885948747583583e+00
-2.034638967665883769e+01
1.783931844744051176e+01
2.539207114192526760e+01
-4.004600822056404752e+01
-3.398642016672405841e+00
3.029117344348966512e+01
-1.406535427595898824e+01
-1.203540729403474963e+01
-2.528646003285422594e+01
-2.745223382554285330e+00
1.523759704852443342e+01
2.353682563403858907e+01
1.228503255657328452e+01
3.363097467503149418e-01
-1.319435810969774359e+01
-2.389170794764148908e+01
-6.029281691020779377e+00
5.284074053196983201e+00
2.787778706668150264e+01
1.270763949221885447e+01
-1.945536292392931443e+01
-3.667726279994591465e+01
2.053644657210717028e+01
-3.409436720466301640e+00
7.670602032554639571e+00
-1.241652159936086797e+01
-3.486989240753187858e+01
1.546206688328392254e+01
3.223023707233134161e+01
5.867428228564892656e+00
