4.113782889380900309e-01
7.947310928327681268e+00
1.113309691090662490e+01
-1.995627897810333451e+00
-2.295993714887827331e+00
-3.706371011300023000e+00
-9.011352311710684404e+00
-1.290887983793787441e+01
6.261981050109891811e+00
1.526565875568149266e+01
6.789080544389192617e+00
-2.463620718507465668e+00
1.219726035987691759e+01
1.222069762667173976e+01
-1.616386643811402024e+01
2.576253107998964342e+00
-6.140843622313141736e+00
-1.001671735482282166e+01
9.791468677291470524e-01
1.254815015271152490e+01
-1.613652677666902946e+01
-1.464896900602170327e+01
1.771571093809697928e+01
2.493189721072926446e+01
3.164739334241960744e+00
-3.264682983567811903e+01
-2.821576799427371718e+00
1.960477528036976125e+01
4.839458597196004241e+00
-1.928304528673757545e+01
-4.956271604999534119e+00
3.797011321086450675e+00
6.973132731285597963e+00
-2.810527492850734887e+00
-5.054595295872359451e+00
6.487358107555617259e+00
5.864174148663487074e+00
-1.635919594204781546e+01
-7.742581221644180722e+00
2.608630134438384118e+01
1.157729792733787200e+01
-1.321932080646161367e+01
-9.296905885420899907e+00
-6.962765867943501163e+00
-8.910544637080490826e-01
1.750094146641181680e+01
4.932402060719341286e+00
-1.974288294317794623e+01
-5.344489282749425918e+00
9.444855654713581572e+00
8.928125565716947820e-01
1.501062538989763340e+01
-4.291575307015328633e+00
-1.940965893410401577e+01
-1.815294488968315800e+00
8.629173924433830578e+00
3.927843962120968868e+00
8.097353356594606311e+00
6.984650953612792534e+00
4.310146285793052812e+00
-9.056213144393433723e+00
-1.597067652186140307e+01
-1.604380579343891711e+01
9.872921667460049733e+00
8.146535357964863167e+00
-8.313308967076011413e+00
4.829837141715066506e-01
-1.392028276029938505e-01
2.490296318706511705e-02
2.734195987185855312e-02
-5.170548825603699106e-02
5.303349526500981959e-02
-9.314665977523235718e-03
-2.374555034543207599e-01
-6.613681067643534917e+00
7.626046421403093412e+00
9.288088104625389363e+00
-5.722523389710977959e+00
2.020472418339667797e+01
1.365907608206255652e+01
7.742516696928033682e+00
-6.839601987171337605e+00
-3.487706436699448176e+01
9.173098521396392258e+00
1.242006296436948887e+01
-2.894327472059711681e+01
2.187900036484358601e+00
-4.058828727646064949e-01
5.026958553404407226e+00
3.858520298917130109e+00
2.289094283486280901e+01
3.753661180784792162e+00
-7.651541656292344840e+00
8.975273222455616207e+00
-6.560622901893462533e+00
2.284295128972804889e+01
4.308459821781140953e-01
-2.129900539058468922e+01
-1.590820337295184750e+01
7.384098580144716983e+00
8.873948327857663188e+00
1.763969891389276157e+01
2.407319160803857105e+00
-2.200271022377178554e+01
-5.883547476655429875e+00
2.351798628324561946e+01
-1.048778502164496906e+01
-1.217568538536584910e+01
2.107808418924066274e+01
-5.335189011058236730e-01
-2.629603004992954141e+01
-1.304968386809344771e+01
1.336262312964849386e+01
1.837844175834598914e+01
1.986150955268891494e+01
-6.252459846609416338e+00
-5.200685781416645881e+01
4.038343479758881749e+00
1.824272733086485587e+01
1.442153262644281897e+00
-9.844911244932498917e+00
-5.929250036746751995e+00
1.337138212078339050e+00
1.606146332575504942e+01
8.684730178592529271e+00
-1.023978477279417021e+01
1.804129899978573448e+01
7.817956414652418751e+00
-1.497539019666180060e+01
-2.587931874347791350e+01
-8.559642043567219361e+00
1.341361752199858337e+01
1.779172660524329785e+01
-2.061125588605851178e+01
-4.072070115010106406e+00
1.755603449197863597e+01
1.305882797062776035e+01
-1.664001543187455212e+01
6.391157458235746880e+00
1.176853529482519178e+01
-2.602481324579395405e+00
-2.904685118975291047e+01
-3.459002267746545289e+00
2.197005671274487781e+01
2.320053301007376056e+00
-8.945445981362393439e+00
5.000120098403220581e+00
9.045436392782219670e+00
-1.399746281869751385e+01
-1.990554741116500637e+01
9.810913528463407474e+00
1.559535368799538624e+01
-2.669069522065774525e+00
-6.865305812420066545e+00
6.459357821019762191e+00
4.183283773304620645e+00
5.024112079318986623e+00
-6.233664539009851069e-01
6.123909066567858162e+00
4.849990734675526105e-01
-1.764733256859229371e+01
-2.437587725696845897e+00
7.251589148381527572e+00
5.479463029283414777e+00
8.862869851182320957e+00
2.110991887979111414e+00
-1.965891860186913576e+01
-2.464729273682998567e+01
2.875473524772371547e+01
2.736197269503442087e+01
-1.842749077519945544e+01
-3.679670383768664976e+01
-7.396666620184245922e+00
3.070383810388446832e+01
2.723274376294194354e+01
-1.436886702302437158e+01
-3.208063722949518137e+01
3.077357027795415423e-01
7.272647091957482601e+00
-6.536733567894621899e+00
-7.838878343097762880e+00
1.347325978107964950e+01
1.689276301853039186e+01
-7.794297237708686765e+00
-1.612794086952327843e+00
8.344659484545543293e+00
2.249692793325526807e+01
9.261908989789251478e+00
-2.088517993309725540e+01
-2.416379797896177806e+01
-3.390968980233218133e+00
-4.434119149440440139e-02
4.115493203207243766e+00
6.381450812202589695e+00
-6.010357706530367494e+00
1.358982965367732731e+01
8.472313981283773998e+00
6.687536452788544139e+00
1.201763305218820221e+01
-8.605171233773484474e+00
-2.983866659741315175e+01
-1.232322133397050479e+01
1.247454929875225105e+01
5.076764689247920792e+00
5.179006730805659764e-01
8.291148866515666072e+00
-8.305505920650480434e+00
2.426138334239652306e+00
1.666348977109334584e+01
-6.802964606402486680e+00
-1.082956678327864708e+01
1.461028533621534997e+01
3.179981722872887495e+00
-1.153861987999145988e+01
-2.829697272613644010e+00
-1.493881700022102166e+01
-1.247911507435660461e+01
2.786535285095579795e+01
1.764937982329522370e+01
-3.433667124019096351e-01
-2.141270245983958098e+00
-2.102238501216914024e+00
6.009986832824672831e+00
-1.149657192119575910e+01
-1.489493910368327612e+01
2.246511859088792562e+01
2.219475110601844747e+01
-3.771874684708757997e+01
-7.084785331465897507e+00
1.470401859935074462e+01
2.223610000873339487e+01
-4.500821217015600340e+00
-2.813570442056647636e-01
-1.149518262889367470e+01
-1.394937694441449061e+01
1.509980360271451616e+01
2.786759542849183813e+00
-2.137548717288711231e+01
4.876096395442880649e+00
3.192845515413271684e+01
-1.532954553023444610e+01
-1.551153359985490887e+01
6.678350848533120221e+00
1.207770410115739823e+00
7.002564847526646652e+00
-2.256708697315496170e+00
-1.736102683066481944e+01
1.785500815211909753e+01
8.632646840308261460e+00
-9.827603292195279394e+00
-1.045709760901986840e+01
1.923760840027489394e+01
1.541121226883939599e+01
-3.026640008648931612e+01
6.226078292155242444e+00
1.399770893648517678e+01
-6.377886841440687071e+00
4.590766153598629273e+00
-1.009367517331304143e+01
7.244837918988367598e+00
