-1.315244690893986101e+00
6.788347846676328068e-01
-6.003106083651758018e-01
6.238200532104674068e-01
-7.015690808112359234e-01
8.476289435921444682e-01
-1.140797911101610662e+00
1.955761897242127567e+00
-1.165077183958415041e+01
-7.701792216107291589e-01
2.178002222910699359e+01
1.973889539579748842e+01
-1.010746198069688973e+01
-1.129801433219518181e+01
-1.836027547876368127e+00
1.224123524806642216e+01
3.639404617971270905e+00
-9.376767291528498305e+00
5.124802338872223473e+00
-4.929079399565112318e+00
-2.099771136594457133e+01
2.430131361901538778e+00
1.485371385664002553e+01
1.671228495529535962e+01
-1.905552810902288741e+01
-1.603303354704249273e+01
2.169066687108788116e+01
-5.054350195760772380e+00
1.693981242108314467e+00
6.881548108604779834e+00
-4.641378184229257187e+00
-2.135924584054815156e+01
-7.396264669156932037e+00
1.241315150491555919e+01
1.466651124286365970e+01
8.920560601365846054e+00
-9.590731031155550923e+00
-1.387500772479473454e+01
-7.142003601024855541e+00
3.120722983450090027e+00
1.366311320104999361e+01
1.788344590077643659e+01
1.090213854296837148e+01
-7.970996934592473604e-01
-9.356265811783778474e+00
-1.734274644661458353e+01
-7.729213009138018897e+00
1.472573165657644267e+01
1.221083888011635388e+01
-2.810953908003495538e+00
-2.764454700786434849e+00
4.834304105507365001e+00
6.849705305450132009e+00
2.257955578227995197e+00
-5.106603633922369490e+00
-1.230489653851961940e+01
9.370988830323248031e-01
1.269808334881924772e+01
3.857482599955649682e+00
1.271211968585331853e+01
1.606748261090400121e+01
-2.521809373675320654e+00
-2.454063279675005305e+01
-2.970419616366665849e+01
-2.732929249207401323e+00
1.271359847947679356e+01
2.378614276507425629e+01
3.071883073025241551e+00
-5.308086688969349431e+00
2.105821339617453436e+00
1.292809177808245202e+01
6.094273229677027004e+00
-5.025775429665407579e+00
-6.758079115856190811e+00
1.943799202846050633e+01
-4.848324712496535938e+01
-2.269269693403996868e+01
2.918225591085986892e+01
3.278305151133005246e+00
4.469257826510392384e+00
6.228235082263986477e+00
2.433883322366380053e+00
-7.004471514765795881e+00
6.880771949787684250e+00
4.146902070187971745e+00
1.915080346676879541e+00
-1.888185908845854799e+00
-6.656063317897856102e+00
-1.018630993245260008e+01
2.031169499434794901e+01
1.492747399358201665e+00
-4.887905162462364395e+00
-2.403734314337379274e+00
-2.265419412715944247e+01
-1.045886607741428875e+01
2.868686732649383586e+01
2.412368876852078614e+01
-4.306024332784024011e+01
-3.926415500841696371e+01
3.337897005933467653e+01
6.226059696457726744e+01
1.389110513016974835e+01
-5.012501528945502116e+01
-3.545709085966539931e+01
-2.062846305610327491e+01
-7.653084268988439298e+00
3.040868429665638928e+01
2.494985494156564343e+01
2.931332002708990636e+00
-4.443953647306899235e+00
-1.758405989749764586e+01
7.205799920147433646e+00
1.054177781706708750e+01
-7.638248150581943285e+00
-1.178970879771260627e+01
7.103242422859907812e+00
1.476377573848353109e+01
-9.495775703429465864e+00
-6.130137736686531724e+00
7.824376369191901048e+00
2.244834199785736839e+00
-9.351926996413268967e+00
9.870681456016303201e+00
-7.536249509949471737e+00
4.916935680425891242e+00
2.856896519961799541e+01
2.288014596948505730e+00
-1.352261086600595874e+01
-1.875781615855991191e+01
-3.404227172446591965e+01
-1.993524047749209549e+00
3.541464370442098186e+01
1.992606191432385287e+01
-6.084607098997188324e+00
-7.336466245846436252e+00
3.929699511148071700e+00
5.168398175636980341e+00
7.109044053315342282e+00
7.008883750326825535e+00
-9.601725734891138231e+00
-2.716752738853104532e+01
-1.130312107544003020e+01
7.217473692825866038e+00
2.243019126318119660e+01
4.014227061206991909e-01
-1.183379309515720834e+01
1.365888754222616264e+01
3.504034723426879339e+01
-1.768378255786298681e+01
-2.092840884289660508e+01
-7.290258967868428641e+00
5.203920459312932678e+00
7.119333496213132051e+00
-5.257073920783870591e+00
2.379227291764349772e+00
-2.776280099976111249e+00
3.879047135204356511e+00
-9.314108315149010053e+00
-5.200770541348005871e+00
1.595882824497145025e+00
4.086795201790357268e+00
1.065448774063393067e+01
1.431168816197825855e+01
1.112599267312926621e+01
-2.159597844402847144e+01
-3.586555948945538308e+00
-2.746429166261199484e+01
-1.592621401832807848e+01
2.206229137987647348e+01
3.920383512128838843e-01
7.125353263590516129e+00
2.140701935550086432e+01
-1.258297861049133104e+00
-1.049671618928542749e+01
-5.158782903362022942e+00
6.558507567057999532e-01
6.448363102479643061e+00
-5.183652557136856132e+00
1.291061700304724447e+01
-6.529919605837439356e+00
-1.320052262542139587e+01
5.567192210108169448e+00
1.077850433106232941e+01
1.098983541441513268e+01
-7.641200040135315952e+00
-1.323257857347257094e+01
-5.462775758842847829e+00
-6.961793904783203146e+00
1.203977042522394791e+00
2.374069943632202140e+01
3.290800034766076720e+01
-2.570935845133161379e+01
-2.270961999488505612e+01
1.154267686119004566e+01
6.332687138382560477e+00
7.059170331569457169e+00
-1.322563359676517258e+01
-1.215798420726008011e+01
1.817479060668958013e+01
2.515465162838918634e+00
-3.557293058494806814e+00
1.312022103290686559e+01
8.365261911027998210e+00
-1.096709158182768462e+01
1.599050615301249856e+01
2.312792877917310364e+01
-9.030928799549345243e+00
-4.452141640139967715e-01
4.933451403751258901e+00
-2.258983403271975021e+01
-9.183303657351538973e+00
1.059911531167762710e+01
-6.258620503282263492e+00
-2.133432507815677059e+00
1.955512363970183998e+01
1.976982796882007776e+01
5.675997155663399241e+00
-1.034057944937782381e+01
-2.450065408315569826e+01
-2.992025488794987975e+00
6.662951443235772153e+00
7.407118663137719494e+00
6.990562836595700880e+00
-2.309833955554718266e+00
1.087804610042720554e+01
7.800598326136074512e-01
1.582749727514527249e+00
-6.143006965162884470e+00
-1.719290784726331367e+01
8.121948538534134343e+00
1.084578868255166917e+01
-1.907855475736914741e+01
5.714493628739841569e+00
3.713459429557154134e+00
-1.528517337654431874e+00
-1.313787919396989246e+00
5.711293242059241493e+00
1.682336280644867399e+00
1.492699035736290014e+01
1.794962137396409219e+01
-2.529121894491905920e+01
1.132016125981137833e+01
7.535156167296841900e+00
-1.316941162801871634e+01
-3.431135391792283329e+00
-1.633830886175008823e+00
3.923208210189113920e+00
-3.431159667315424877e-01
1.261798311106335291e+01
-3.318653564005185075e+00
-1.431797385062918160e+01
5.333474953240861183e+00
2.306882816213833287e-01
-2.061782406075496610e+01
7.206449666156498068e+00
2.658638816248177150e+01
2.563108280016927587e+00
1.766407559320240628e+00
-6.548484031011041928e+00
-9.338310089691367111e+00
