-2.780322480627767590e+01
-3.009965359195391343e+01
-1.079027313837881330e+01
7.920601066915035737e+00
2.379174672676892754e+01
5.386962046599216514e+00
-1.233279045511090288e+01
-3.525238750261390219e-01
2.268866809681009400e+01
3.184756880012890079e+01
7.047348353093733309e+00
-5.259423452795393672e+01
-3.745675084509696973e+01
-4.411207061436772214e+00
1.208356885804486680e+01
2.890421466167635955e+01
-5.129460103777258695e+00
-8.422870662250803164e+00
2.289844689755056706e+01
1.454920155269026338e+01
-3.215566757570736911e+01
-3.666871908462631069e+01
3.966089177501708463e+01
1.296221686556120112e+01
-5.238658014938460283e+00
-2.566474311429506550e+00
-2.971559257347694771e+00
1.022965815929937961e+01
2.725062914306095152e+00
1.627991531131480230e+01
1.193800312397977592e+01
-3.936672146193316735e+01
-2.094322368570810156e+01
-1.872777673428759471e+01
3.063791567439780295e+01
2.765813818324625117e+01
-1.648007985954908960e+01
-1.392058591032195203e+01
2.617391756472509456e+01
1.178693659622426537e+01
-1.001025484091526785e+01
-1.772430715220440334e+01
2.070494942864641585e-01
-2.949329823221027880e+01
-6.265364461245732208e+00
-7.784357661426466457e+00
2.826045411744569336e+01
2.826852979410625721e+01
-6.334453305545155288e+00
-8.835358221603971884e+00
4.994253357814012695e+00
7.363633935024976651e+00
-5.122234219923019971e+00
3.226109815009187365e+00
-1.397893291040456276e+01
1.581477121852532619e+01
1.092781263162896366e+01
2.434924107870855003e+00
-3.246513480261822071e+00
-8.583602785078880970e+00
7.503391538648052084e+00
1.372701970716350672e+01
-1.899735967385026925e+01
-2.122192328939814132e+01
3.652686165395027107e+00
7.444590956271547988e+00
1.420943562592360543e+01
1.345580353099529169e+01
8.732891980442467172e+00
-7.917331742287610830e+00
-1.748379986018484544e+01
4.574615265082377036e+00
-8.169901703296091000e+00
1.835650770849586522e+01
-2.222459286056816641e+00
5.756242648190783129e+00
-3.147524949564670038e+01
9.155842736252903791e+00
2.043259805472976254e+01
-1.437262788529327651e+01
4.098984057210653731e+01
-1.734558395818514703e-02
-2.852745520715627947e+01
-3.823340522778253980e+00
-8.351357359643963862e-01
1.879837676971560967e+01
7.908470772199544641e+00
-2.074161120124389157e+01
-5.806338809985837734e+00
4.948557629465435426e-01
6.508631398094120613e+00
1.555300096827839340e+01
2.795784640126899134e+01
-2.636685067592188148e+01
-3.212933253974289016e+01
1.393373011363452818e+01
3.243519357722484564e+00
-6.618980745943168209e+00
1.474050464095413737e+01
1.662597565293514634e+01
7.935665769241408540e+00
2.336018129147930278e+00
-1.919199883442436771e+01
-2.214197708310713608e+01
1.013719261656562010e+00
2.603452066992736391e+01
-1.863394804780608993e+01
-2.024312551861492437e+01
-9.710058270626275245e+00
5.513590067658620697e+00
1.665429487207351400e+01
8.470322545044867368e+00
2.164935466901572347e+00
-1.130787567114330372e+01
8.325858431545968941e+00
6.669784582780499349e+00
-2.444577351360237571e+01
3.159064691378140055e-01
-2.905923325733175133e+00
8.699511094846151593e+00
1.488770505799084809e+01
-1.644947132872739459e+01
1.023127892232914249e+01
2.671712507320335916e+01
-5.927000667635731190e+00
-4.582357843326748004e+00
4.867006691626789561e+00
7.657890114847676344e+00
-2.395300034881580942e+01
-2.222040620370447783e+01
1.449821274532514259e+01
1.719267949105254267e+00
2.382928404517172183e+01
-3.465327730133161310e+00
1.216274654037217218e+01
3.795295359343919728e+01
-7.254570591467182972e+00
-3.830262150801242882e+01
-3.056847195576133913e+01
1.568767107021079177e+01
-9.826945336529678832e-01
6.653483324329954485e+00
1.529969462221707666e+01
2.050334911630386259e+01
-5.250154524455352245e+00
1.550540863468088393e+00
2.090865926921884110e+00
1.056376767018329055e+00
-2.555094913028796544e+00
-4.856115816598494561e+00
-7.860326966003123417e+00
-2.565860589099109745e+01
-7.648772299032388311e+00
4.036981102882300831e+01
2.589003133936627421e+01
-2.131557888434538839e+01
-4.007319073132488541e+01
7.486646350979140330e+00
1.961696211367974740e+01
2.478220168759110820e+01
4.258325113238194959e+00
-9.917064395208539551e+00
-2.121279518390345231e+01
-4.217961785147954146e+01
-8.345631418420181191e+00
4.258721992750554364e+01
1.426160858639047291e+01
-4.781364162430821096e+01
8.478455564158863922e+00
2.445384703030001461e+01
5.765586996370024586e+00
-1.098846192569780378e+01
6.006991589884746574e+00
-4.178382603398196338e+00
-3.810357399252602750e+00
-1.606601812700114706e+01
8.523684222382245324e+00
1.531998207140910573e+01
-3.448989089743900838e+00
1.529041212979516118e+01
-3.654779553425147753e+01
9.011836805270748485e+00
1.696780808781196015e+01
6.669630725760398171e+00
2.769506547280826236e+00
2.313874261904865648e+01
-1.928930281191528451e+01
-4.905932557039026420e+01
-6.997586631715530636e+00
4.805297759032736593e+01
1.600110405684947068e+01
-2.832964039876842310e+00
-3.609856005370826182e+01
-8.609261427131515987e+00
2.675952363443600746e+01
3.503219327703772024e+01
-7.064402864284991423e+00
7.376204762185807340e+00
-9.888817842962701832e+00
-5.565452472877309020e+01
-2.534454175784004093e+01
7.343044919776588131e+01
5.128849929916810169e+01
-4.423718422466504308e+01
-5.579427649378894927e+01
-1.471359473978554488e+00
4.199799237259375673e+01
1.551366483761067983e+01
-1.002996574661815465e+01
-2.588310693470125301e+01
-2.632471288583683489e+01
3.999929107257457161e+01
2.978194204734274919e+01
-1.303842581982916826e+01
9.373528305389001503e+00
-1.433119019116785431e+01
5.067254335935672316e+00
1.523086468022140538e+00
-1.865878135179898223e+01
-6.488154911354390819e+00
8.735590541554790533e+00
1.081123382998977611e+01
1.130895147794336308e+00
2.126461619289425187e+01
6.653082471320137969e+00
1.714009631889956964e+01
-9.775843663980843701e+00
-3.448729701437621031e+01
-7.604708079359211226e+00
7.293729186677310850e+00
3.120314282215951351e+01
-1.341283459891816676e+01
-7.925428044905336478e+00
5.171446713419798336e+00
-2.431998964677639918e+01
3.787895383533737004e-01
1.195809491821385961e+01
-1.523122147577433694e+00
3.990133574671034467e+00
9.171873844765887185e+00
-1.044237975270660357e+01
-1.803233651682877081e+01
1.985610639549066292e+01
6.932574165418653456e-01
-2.327502120833321797e+01
4.629157647363359551e+00
9.151997099288561310e-01
-5.040120889202453824e+00
4.800514363194517964e-01
1.205111952264783781e+01
-1.212520053940244402e+01
-1.069100143692721794e+01
3.021064328426591672e+01
7.629847867883639445e+00
-1.816930826643933372e+01
-5.430500773533628589e+00
3.949856017128300323e+01
1.560779285994565235e+01
6.964722103733850034e+00
-5.876539632770144017e+00
