4.760284678585498419e+00
2.391843414186913463e+01
1.028006814582422912e+01
-2.872821504149993288e+01
-4.273025740074455570e+01
9.918607088338601940e+00
1.726592684803834743e+01
8.594535339980016175e+00
-1.405903674162829908e+00
-3.148468605368448525e+00
2.490319633684340506e+00
7.450061046680249710e+00
9.804554541040914728e+00
-1.925588589699028930e+01
-1.180273866214482403e+01
6.074857696283028297e+00
-7.676813067922837464e-01
3.466958060848705503e-01
-2.000360143714676187e-01
1.292284698941749965e-01
-8.711538136545432520e-02
5.504811697760488010e-02
-1.767092972573978960e-02
-6.234087765716017637e-02
4.172078473621059769e-01
5.892629675046283211e+00
-2.251711125144951531e+00
-1.534935300891427046e+00
1.372373732917439249e+01
-6.780158796536788657e+00
-1.792854322027638281e+00
-8.351634751681279667e+00
-1.757461898190977223e+01
1.097035671388046252e+00
1.228659962565367891e+01
1.926285612264222991e+01
-7.559387796614114308e+00
-6.574460581154554006e+00
4.562291991646656442e+00
-1.055696479758240081e+01
-5.117773997161926935e+00
-2.755006177417921087e+00
2.567955180341737531e+00
2.926702043872531078e+01
1.886381999594456182e+00
-4.138139850373913298e+00
-4.413365529168109980e+00
-1.014069141933270357e-01
-6.810232317240114686e-01
4.132523426340657946e-01
2.247686197513054207e+00
-6.247193393218209323e+00
-7.417428109131832592e+00
-1.946798394038174962e+01
4.095365391407502997e+00
3.954637856393010509e+01
1.452225651743917823e+01
-3.153126003773843422e+01
-1.200632249627969372e+01
-2.693173873703420540e+00
5.659781301561388034e+00
9.564410464909357756e+00
-1.100893480493171150e+00
4.531133731483204308e+00
-2.693127735411247947e+00
-7.298921812798154996e+00
-6.955157894020777221e+00
-5.183148224492452272e+00
1.215589353391499827e+01
1.003931893760756466e+01
-1.986745924745338243e+01
-1.265686043039561248e+01
1.252599487196787997e+01
3.147502573561505557e+01
8.273101401278825762e+00
-9.574663014516129778e+00
-1.128157298985777501e+01
-8.783722446212452795e+00
-4.364046003437850985e+00
6.536557386790549096e+00
8.630548773540773766e+00
-4.844182437820497178e+00
-1.286504926403241633e+01
-6.586739079888920045e+00
9.474520985034580178e+00
3.791122510262642464e+00
4.992353865312150418e+00
1.011539071532392420e+01
-2.312553890609328366e+00
-1.425999562761797890e+01
1.314888788345994186e+01
-2.010650287004328352e+00
-1.166554928115091094e+01
1.911552408149746585e+00
1.966275679347261729e+01
9.510404814635785797e+00
-1.972494128024171900e+01
-1.783791155371807235e+01
-6.254478311289582315e+00
8.318077813810011989e+00
2.190773227544384127e+01
1.234854047002398580e+01
-4.663803388446285503e+00
-3.908212321748708362e+00
-2.214742081626516423e+00
8.085887697738506574e+00
4.200025045931360168e+00
-4.618052643332783980e+00
-3.340327772615871282e+01
-2.606175970907584016e+01
4.856010755483321617e+00
1.323348578759150307e+01
1.551965477732781906e+01
1.386440677289317769e+01
6.843681217779167270e+00
-2.293808215672260076e+01
-2.027476759948199714e+01
8.048747512684528260e+00
2.721084593564583543e+01
1.479351921035821604e+01
-3.139240567712633379e+01
-6.491086353507910189e+01
9.608855837865629690e-01
1.882756434016707558e+01
9.508349434584266291e+00
-1.054727847534266338e+01
5.406469954090224128e+00
1.829625469794882875e+01
7.515951353969981596e+00
-1.987329368642097638e+00
-8.351009427570073029e+00
1.930780775344166855e+01
-4.336211548623803758e+00
-2.186240890431631456e+01
-2.309180454986193354e+01
5.037731447101437832e-01
1.502306684619620647e+01
3.134535848592362228e+01
-1.360682499931913592e+00
-2.153396618194754808e+01
-1.147659537758627302e+01
5.765291076326264808e+00
1.222639214369349858e+01
2.613782492539845848e+00
3.484301119712905237e+00
-1.547119607609351277e+01
-1.593146132937530268e+01
1.444447608381280546e+01
7.377290150329717022e+00
-1.568582378307840486e+01
-2.959129203115471451e+00
-2.003035247357642845e+01
-1.987136298909562671e+00
3.492589090605721225e+01
2.218209806037738474e+01
-3.252903094644426396e+00
-1.591079607424995501e+01
-8.957836798037893900e+00
5.597265982482549918e-01
1.771730711074701592e+00
-1.596741398608488716e+01
-3.919192754252093014e+00
8.766969047681957505e+00
7.547528721350270864e+00
-3.206191312669797622e+00
7.172765179449271500e+00
-5.723104590877584386e+00
4.955353815759750091e+00
8.742700854887234030e+00
-4.327070319728682612e+00
8.753784584680550651e+00
-1.487755962335156035e+01
-2.478479286649359992e+01
3.503934554667970769e+00
2.340930978437656051e+01
-5.691804401092764643e+00
-4.667778383088413108e+01
5.142512899616342281e+00
1.618404682580212040e+01
1.422359614938427796e+01
3.831500899063496668e+00
-2.955711661716290184e+00
-5.568750551688597561e+00
6.923470160040306354e+00
-4.345377562691056461e+00
4.836272506371997792e+00
-1.864105496099829651e+01
-8.604628507905156098e+00
4.096812221728892922e+00
1.101366495979937277e+01
-5.805664171469280710e+00
4.145912014834832071e+00
9.691667256349683512e+00
6.035784576270385671e+00
5.261824205197616955e+00
4.272121437321148463e+00
-2.645426605211683579e+01
-2.801173820376811108e+01
9.357303543407716973e+00
1.654085456116501973e+01
5.497618061190823191e+00
1.650216557729808997e+01
-8.688127023794951498e+00
-1.024301779931761658e+01
1.527506908168752808e+01
-6.822908264657725042e+00
-3.059976656735913014e+00
1.555443297539161662e+01
1.638525063197817655e+00
2.354707320311112628e+00
5.328437346712666667e+00
-4.577484053429882849e+00
-1.431858768836042906e+00
7.588643543187656881e+00
-1.828860811200924630e+01
-1.186121079926504329e+01
2.158934374933869549e+01
2.257957159926542445e+01
7.214732549225651992e-01
-1.233985098678527770e+01
5.686201977148990672e+00
-6.123877620091309204e+00
1.701526238810220581e+00
-6.620621849908915557e+00
-2.759986307372315295e+01
-9.577230182926974589e-01
1.623752346132488711e+01
1.324873665746123308e+01
-1.658262786716037995e+00
4.689871764881648808e+00
1.574695884306739835e+01
1.776070751378143520e+00
-1.326451019245045515e+01
8.484314598873687885e-01
-7.821760506174586958e+00
-8.319904497219516415e+00
7.484461922603432349e+00
8.081378316464594036e+00
-6.131436134964500795e+00
-2.897213301642854955e+00
1.742335391651718979e+01
1.937741046403662537e+01
-7.968174170480414098e+00
-9.413496282767507495e+00
-1.269422857932560600e+00
4.335388754382963228e+00
-3.176047040904148716e-02
1.930216499038521771e+00
5.381460471770786569e+00
3.345189238591887992e+00
1.163457134057170439e+00
2.971053983121438313e-01
-1.157141383127654422e+01
-9.115340159607162818e+00
6.563569008080382794e+00
9.761826186911044090e+00
2.176016050371796240e+01
5.293394423977503038e+00
-8.800576240891860635e+00
-2.287460038774280946e+01
