-8.929596109328654663e+00
5.474134608159568316e+00
-3.201421315050342997e+01
-9.798482875041122142e+00
1.004357883857560552e+01
1.281862776814614691e+01
7.575067827446765101e+00
2.807802178670552040e-01
-1.032077264718021858e+01
-1.118327176858385563e+01
-9.091486771945538337e+00
1.871045845600066926e+00
8.186260634006192305e+00
7.258914022975518243e+00
1.482491396859630384e-01
-4.445724634909390183e+00
2.030501206702097861e+01
7.872805128481995318e+00
-1.361306631146410595e+01
3.212436054535540375e+00
-1.731539772486202367e+01
-6.415960782985756339e+00
2.121633608435159601e+01
-3.652685681599120215e+00
-1.749002738387010325e+01
-7.478319558629204167e+00
2.219667973657928783e+01
2.031848447342121133e+01
4.349041628474806132e+00
-1.964659960593508059e-01
-1.915644399069065695e+00
-2.607924156590681974e+01
-9.620732623523476690e+00
-6.744039068418452576e-01
1.244150747470930085e+01
-4.940513552828394772e+00
-6.215316501624015277e-01
1.021805050743867405e+00
-1.215356921696265324e+01
7.641381108008174827e+00
2.277151238411019563e+01
-3.244044053804583383e-01
-1.795378001978902205e+01
-4.897152230854246113e+00
8.541630755477365611e+00
1.154055252645565188e+00
-3.296580695224820445e+00
-1.288516466086615964e+01
6.242225886602380314e+00
-2.213483986884669519e-01
-2.044895385979187097e+01
1.455732300371654908e+01
1.434109146825144698e+01
-1.700705618710174249e+01
-3.693350989702522735e+00
4.763311092434796556e+00
9.672361941517781503e+00
5.746623378663244353e+00
9.074186695330865859e+00
6.266174426383900098e+00
-7.087238783155415334e+00
-2.310276641599550373e+01
-6.582564942245228146e+00
1.720753985799942498e+01
4.463945590782834927e+00
-1.766023755815700813e+00
1.607506105899286775e+00
1.485691216209331263e-02
2.846054619307042621e+00
-1.212852882984293856e+01
-1.749347610490608318e+01
1.678100446574113946e-01
1.608031749925043030e+01
1.097992206059092801e+01
2.475994941231046464e+00
-1.175055615327824121e+01
5.448205830057164967e+00
1.689799882128551900e+01
-1.936965550815847870e+00
-1.115815761126936501e+01
2.085687386808252608e+00
8.322118406510471189e+00
-7.466532422393714619e+00
-9.180773107092885965e+00
-2.937124018040974960e+01
-1.898356132021208342e+00
3.038741350482048276e+01
-2.359375238881134429e+00
-8.736466386570953091e+00
2.325418327727717394e+00
1.822549739185265594e+01
2.463583589863749523e+01
-3.423835996861169129e+00
-3.737904881943173052e+01
-2.171834313653146964e+01
3.938717404687134938e+00
4.562829670861536790e+00
3.826038867502541407e+00
-8.077869421814714013e-01
1.347946112174880184e+01
2.913045869654347531e+00
-4.256242084211492305e+00
-2.783027123998293106e+00
4.524237176922301096e+00
4.781592605594967793e+00
-1.271159286419286438e+01
-1.119245065327764976e+01
-4.744206215173493169e-01
1.128980909394837973e+01
2.259963327643430020e+01
-1.356104741855211238e+00
-4.517593408213711115e+01
5.927894705651012286e-01
2.092812716941748619e+01
-1.161335260979242889e+01
-2.440747503584408840e+00
2.007256203389195193e+01
-6.973634014988862040e-01
-1.084782838168703201e+01
1.443397989857591490e+01
-2.160741529563875718e-01
-2.378796409258413291e+01
-1.260766229928962723e+01
1.507204640754842906e+01
9.564505940962034103e+00
5.658103257513259488e-01
5.318730199173358208e+00
-4.048434861509286442e+00
-1.238942384796470364e+01
-8.355017437826305127e+00
5.025085280770450247e+00
1.233144045258475252e+01
2.766454913882716138e+00
-5.471372292444961261e+00
5.010488645150709353e+00
1.407891431279570860e+01
-1.575599540557090172e+00
-2.905557628457743746e+01
-1.073280598448809720e+01
-4.581002431204119318e+00
2.087349521577911915e+01
3.973174020332136536e+01
-3.779766783427690768e+01
-1.536746625046145986e+01
1.771644580427638971e+01
7.150944539007856093e+00
-1.546579928193341225e+00
-2.842574087602141031e+00
-8.593508136598133618e+00
-1.782804170272996913e+01
1.734590959619042039e+01
8.670847380024321538e+00
8.005720776049825460e+00
6.661564881731419696e+00
-9.854741534399677150e+00
-8.514598565810716835e+00
-5.865934089088797876e+00
1.315357603769884776e+01
4.633095874295019456e+00
-9.294238484619606666e+00
9.367206606388251089e+00
1.008189844315650952e+01
-1.893112962912089614e+01
-1.443139201384273562e+01
1.603071181757781005e+01
-1.431143482217880880e+01
-1.517421966874888284e+01
-4.803207263685036033e+00
1.136129885622307079e+01
3.203540861628088265e+01
-6.848022614056717750e+00
-2.845338144658562740e+01
8.868290801127441725e+00
7.643919919058405732e+00
-9.304025604456999332e+00
-4.182869422169789075e+00
4.265013766304089349e-01
-6.912826961666250547e+00
-9.885841838041516283e+00
1.081194209391612837e+01
-1.955039692720814770e+01
1.090334559835276984e+01
1.233120191364994511e+01
-2.554790678249027724e+00
-4.730035538070807455e+00
6.949339636040624768e+00
1.463203680859034606e+01
-9.606324551598349970e+00
-2.797471694537467002e+01
-8.482011495229128784e+00
3.070694567548034826e+01
-1.049690946254633594e+01
-1.231702284897565214e+01
2.955212801936729416e+00
1.012258562529209804e+01
7.532477184695080652e+00
4.137898726693192586e+00
1.723938769571008445e+00
1.695048034304240003e+00
-1.204955183585156142e+01
-5.563603497013481558e+00
1.204817960717496916e+01
-2.312658435129234302e+00
-1.860055237563367925e+01
-5.265335965117634132e+00
-1.443519897549710107e+00
1.178532992141575519e+01
1.061495113391419487e+01
-1.250581596086059832e+01
4.008719482324523131e-01
1.323946790470233381e+01
2.367161562748405224e-01
-5.119900392420242280e-02
4.525229217972085216e+00
9.840312162155610665e+00
1.157723866019333414e+01
-3.463479245266364082e+00
-2.539503811837060354e+01
-1.974020663128460029e+01
-3.506429982944332391e+00
1.138221594687284366e+01
8.721078397042891339e+00
2.475046168234087851e+00
7.946584142406145190e+00
2.414872112635233137e+01
9.654415485975887279e+00
-6.796379801289080369e+00
-1.090276903174566137e+01
-1.673649658317624755e+01
-2.873301510480721888e+01
5.329118441501546677e+00
1.213051611416296183e+01
5.481048903640489911e+00
1.716809846905315595e+01
-1.963649844080467055e+00
1.069014154884243117e+00
3.413398328153305794e+00
-1.923017198369669600e+01
-1.035205421852297825e+01
7.919525231754992234e+00
6.541525837393257881e+00
1.435343667109708221e+01
9.593156274596438493e+00
-2.773498376779295782e+01
-2.060144722892010449e+01
2.526844572290749991e+00
1.332992017176369615e+01
1.499263854875866553e+00
3.071602450116858396e+00
1.021579243224192268e+01
3.626092047710381294e+00
3.241130687962001100e-01
-5.051220677459165032e+00
-1.509542092418688775e+01
1.218101280354027693e+01
4.391195669789632383e+00
-2.807441163489406932e+01
3.872881415917392545e+00
2.147792202179285681e+01
5.444165498352971255e+00
