-7.325534541447845882e+00
-5.793072767061938855e+00
1.179095470561997239e+01
6.309768779563621699e+00
-3.876876311704968714e+00
3.475600058470719844e+00
-4.956392176863484877e+00
-7.026721654114951754e+00
-8.847140906650854397e-01
2.085754232674045383e+01
7.550878366413738441e+00
-1.046149736476132475e+01
-5.593437061062705773e+00
-1.010011432868302350e+01
3.758635632960066086e+00
1.617341063775625187e+01
7.282309476422009986e+00
-9.387040287606259525e+00
-1.427276691821622645e+00
1.821231447996929731e+01
1.909753602378633275e+01
-1.139345163937846728e+01
-3.766115096468272583e+01
-9.031555474188234456e+00
5.200697289840126025e+00
7.383657898062565117e+00
1.351707271929615395e+01
1.475717593090493773e+00
-1.501065860942748031e+01
1.675190109224454993e+00
1.982640120392165173e+01
-4.159636857322769110e+00
-7.139572412920809352e-01
2.376631328961651235e+01
-3.146752754725259749e+01
-4.037489777123806078e+01
7.032064563401845270e+00
2.224099233439926948e+01
-9.896413337019428269e+00
9.619132733783075651e+00
9.279684103782322779e+00
-4.893247060335638388e+00
-4.693181839192201998e+00
1.311748042086377630e+01
-9.731827199392202310e-01
-1.847287228230315748e+01
-1.677778851128152837e+01
-4.682556305794141949e+00
9.451509668563536692e+00
8.934103977060736668e+00
3.207523863726947422e+00
1.920011015982104396e+01
-2.254058836012791556e+00
-4.237416822510796877e+00
-6.351999723632095751e+00
-3.287860131714606560e+00
-2.402018061471729027e+00
1.114017148017344283e+01
5.971003961923312175e+00
-1.038638349800149285e+01
1.450691784234077630e+00
-1.499380640334734771e+01
-5.418183528882365430e+00
-4.893866552884149179e+00
1.171524060999532857e+01
2.861106715490397079e+01
7.143142544843553488e+00
-1.696005201654498151e+01
-7.506516993391707082e+00
-6.207856144156944644e+00
-1.333960206714821517e+01
1.115643649336311327e+01
-2.082923858820610263e+01
-1.311777094576266656e+01
6.435421182791095873e+00
2.819490817428060581e+01
1.232513313470058236e+01
-2.038743771291780149e+01
-6.167817681513343864e+00
1.098676962069237995e+01
-7.248658382156331292e+00
-2.472270260901041894e+01
-8.488318666938626578e+00
2.728777169413530501e+01
1.508880203974895728e+01
-8.788842134631908110e+00
-1.681482675041371877e+01
-4.206473901748513988e+00
-9.045621738206749418e-01
6.896284769538691073e+00
1.325733314122142481e+01
-5.550175041142426657e+00
-1.754648997031521418e+01
5.804125326741163882e+00
2.689841065708930046e+01
2.032987607272579922e+01
-1.905376662363429574e+01
-2.101623231977953665e+01
-2.936579751564672325e+00
-9.846811323562080887e+00
9.604402111299583211e+00
9.597828025847505273e+00
4.585213578812311397e+00
-3.390498812616114410e+00
-6.143987695555337858e+00
6.808058764187645551e+00
-1.297863042332024763e+00
1.660257433789115611e+00
1.128937623329191098e+01
-1.455082184867583273e+01
-8.293957472368989059e+00
4.835700488316370560e+00
-3.007509889225623567e+00
1.233530729274006355e+01
1.778135354847270255e+00
-6.563989582086926511e+00
2.057190501122180937e+00
1.046195769094590489e+01
3.325876384193075630e+00
-1.404575393622688129e+00
-1.256019547256769009e+01
-3.460521046892318253e+01
2.067650907286950446e+00
2.139268638610376527e+01
1.886924779974278721e+01
-4.873865984028561193e+00
9.021077605863078830e+00
5.037639138302872688e+00
-2.092715149734087454e+00
-7.495226342936218700e+00
-2.037315297838523875e+01
-2.023376255640187082e+00
-3.084108152179291906e+00
-8.068259718552170057e+00
-8.180964421723462721e+00
1.576004566610180824e+01
1.711534438674803837e+01
-8.095846912812216800e+00
-5.030851869564947343e+00
2.522221092980286272e+01
1.494500873154501619e+01
-1.974442020436583789e+01
-2.087858478122744543e+01
-1.000463848430679592e+00
1.255137675257510033e+01
-1.616474940953468886e+00
-3.878677306549522807e+00
1.404513163825467004e+01
-7.768565489324413598e+00
-9.749814633883682191e+00
5.558871026386223768e+00
1.412809491131628370e+01
2.624319231371258709e+01
-2.156620206851857180e+00
-2.812549101051317990e+01
-1.618620262491581840e+01
5.066493648982487441e-01
5.877080125987097503e-01
1.412206434454501291e+01
8.318612058526916542e+00
-8.569859431267866867e+00
-1.985582501884848750e+00
2.659349725001583309e+01
5.529470956604751741e+00
-1.914457456463155083e+01
-1.987170248720113364e+01
1.130320981167162309e+01
1.588487893107589777e+01
-7.282744132920829117e+00
-1.384318307445331797e+01
-4.412067087991916381e+00
3.001731732123779306e+00
2.116064785377723112e+01
1.859305120138609269e+01
-2.386933871293260179e+00
-2.381109847528270862e+01
-4.961178772726849928e+00
8.215793891665580162e+00
-5.579069029926435164e+00
-4.308407604898929932e+00
-4.892614976717396758e+00
1.917381718352535680e+00
9.008048027522869816e+00
5.478669874536641338e-01
1.539460771936296624e+01
1.992188029056410770e+01
-4.233941230201902606e+00
-1.243507922984652936e+01
-6.266112717888338679e+00
-2.028859997164375040e-01
7.633256359749006625e-01
-4.674167399219418262e-01
9.950419460947912409e-01
-2.266415399187014845e+00
5.797077929909777438e+00
9.987240827801148413e+00
-4.174962975887352989e+00
5.597933083506209329e+00
3.356216618039451038e+00
-2.043816711188829416e+01
6.149519838113900461e-01
1.080499724189984079e+01
-1.906262965275105747e+00
-1.052073978235476437e+00
-2.004767357919189141e+00
-2.276934339677508135e+00
5.012030203862987143e+00
-8.823622086609399062e+00
-3.895425161582410034e+00
9.280283783609995396e+00
2.837179676398143613e+00
2.162492764427510927e+00
8.360938347114661440e+00
-2.478404582908847331e+01
-1.272518620413653778e+01
-2.921149936070605579e-01
1.189843223174518849e+00
-1.517239807108098137e+00
1.765905126856189611e+00
-2.051762144042156510e+00
2.456538945172246802e+00
-3.123167409188738475e+00
4.466538525526631886e+00
-8.766432413250152322e+00
-1.482344514582227291e+01
2.992725577151553651e+01
-5.933912285693833111e-01
8.531595507631880793e+00
2.012994186247559725e+01
-1.101389288090957130e+01
-6.897871755932811766e+00
3.545646870042702847e+00
-3.132581464717870290e+01
-5.447892313544330456e+00
-9.397719873620434816e-01
3.224924045328731115e+00
2.706932539941624682e+01
7.020237023732839532e+00
-3.717159755904873464e+00
1.454115796061133992e+01
3.175079280777659996e+00
-1.850360947171749260e+01
-2.132927598701370897e+01
-1.326076467080779331e+01
2.211984624043613579e+01
7.724164846569128606e+00
-1.144776841888515762e+01
2.050070182068397173e+01
1.709006207025833035e+01
7.820894099738351368e-01
-1.788768677665883544e+01
-1.826122756930907798e+01
7.200196980478881237e+00
1.641937531863400679e+01
-1.367683570168379603e+01
-1.079914749007939179e+01
1.681229236605945943e+01
9.543541825670581957e+00
-3.854933889578709305e+00
-2.946284277987711864e-01
