1.458656500886174712e+01
7.419855632682044622e+00
-3.827222756005132620e+00
-2.392616045977556283e+00
-1.732456832969265648e+01
-9.875285228693437389e+00
1.320280206931896849e+01
-1.465007149828907096e+01
-1.377887695241606636e+01
-6.772113215374088391e+00
1.587194295745250194e+01
2.007752571709976408e+01
8.198301789561236674e+00
2.866654957058061282e-01
-3.038513954266120365e+01
-4.618137915427818818e+00
1.135621128377224487e+01
1.052167824520201478e+01
-1.332265680430660382e+01
-2.317246318160261609e+00
3.652032060743632069e+00
8.213611670283112787e+00
1.684226699420257489e+01
2.628174814879742804e+00
-1.873489915052341104e+01
-3.009662086105204182e+01
-5.320525671881275898e+00
4.041190441042143533e+01
2.098971817036705545e+01
-5.135665131364887337e+00
-3.903804552432233788e+00
-1.365754177827243687e+01
-3.519225654958620453e+01
2.834051700260631534e+01
1.190331275014018608e+01
-1.128686619073604369e+01
2.314706998678246563e+01
-1.312231933381227122e+01
7.393766317418422496e+00
2.348279240359316589e+01
-2.091925371567979752e+01
2.658855234269629442e+00
-2.822432859609361522e+00
-1.676901212147286202e+01
1.591275065174114545e+01
2.400488234068405902e+01
-8.110201470656550171e+00
-1.804722506130108428e+01
7.879052128280752854e+00
-8.254401641864945738e-01
7.323431232638378141e+00
1.545035269900297692e+01
-3.908300325782882112e+01
-2.471990273095951807e+01
9.634256125463531717e+00
2.553128314161411083e+01
5.815445447249397937e+00
-2.755364937537763126e+00
-5.963145044822566021e+00
3.685024190490907348e+00
4.390541589836106873e+00
-3.155817196652961698e+01
1.360431171565426389e+01
8.917758198981024620e+00
-2.118052241123211488e+01
1.083715948154249098e+01
1.805172501415734487e+01
1.252679222654424329e+01
-1.287303022968123045e+01
-2.061304193675063345e+01
-5.078886447827428263e+00
2.059293254983024823e+01
2.229807448833890149e+01
-1.670535909818216069e+01
-2.611348313553657263e+01
1.178301944006506563e+00
-1.016480401605768469e+00
1.701044868885546890e+01
5.566695771429662765e-01
-1.658587592076673189e+01
1.656359603106295264e+00
2.661617187530057826e+00
-2.479183300202304707e+00
2.081279695049709133e+01
1.147300719729845220e+01
-1.359498644614995122e+01
-1.223158867770924374e+01
2.446146713582136645e+00
-1.021779876068864290e+01
3.698258417305654078e+00
1.890528955121227739e+01
-6.175227763239924172e+00
-3.076014868025037075e+01
1.615560701205249927e+01
-9.146615545655294000e+00
1.341689313768301872e+01
2.979884965250354156e+01
-2.799429038902038158e+01
-1.136542086251915507e+01
3.359344720251286720e+00
-3.164417185862248849e-01
-6.118896024832524816e+00
-3.473160251211677263e+00
8.378283168608994913e+00
2.926886986220016418e+00
-4.314658178671802347e+00
1.760426847145111395e+01
3.801311738373224003e+00
-3.785329541882832416e+01
-6.633912546570803315e+00
4.713802718867391661e+00
-1.331946240192198427e+00
1.008901605886021713e+01
3.413399020198757938e+01
1.639007147471369885e+00
-3.183679042472413201e+01
-1.039909558248104382e+01
1.059350875220364152e+01
1.703350020136471965e+00
-2.146214979124017574e+01
-1.525984642013088788e+01
1.754927915080568468e+01
2.153568521590471363e+01
5.970953989817012086e+00
-7.866823497204397664e-02
-4.723261964729533524e+00
-4.606006541990737446e+00
6.417862572819760025e+00
-8.971082615895213053e+00
-2.625962065037363402e+01
-1.313130104787667030e+01
2.978976354308934926e+00
9.191469763062794840e+00
8.358404756517947121e+00
-2.465486852411261864e+01
-1.156904769435940850e+01
2.452202113905875436e+01
5.395881617345973602e+00
1.020297886083679906e+01
6.273272147270374077e+00
-1.013847358450010461e+01
-2.010324592119785336e+01
1.944721448723521595e+00
-7.050755298122887815e+00
-2.502255048914781099e+01
9.979494898789468493e+00
2.086961628508748134e+01
1.488109738723928288e+01
5.618671081465538286e+00
-1.673176196505034596e+01
-1.909088662060915453e+01
2.929645359577193986e+01
1.707558852175986885e+01
-2.814502398266107619e+01
-3.169836325532494570e+01
-3.703271024093779840e+00
-1.106842671605757467e+01
5.473660076158940235e+00
2.564448972071142308e+01
8.963343286874373206e+00
-1.645971085528336531e+01
-8.848739822361970653e+00
7.072160278945975875e+00
1.039957944704610782e+01
3.707628621898087395e+00
-5.791804622326520935e+00
-1.041760395518347515e+01
-1.537491828894441959e+01
-2.049907584956760953e+00
9.250013392621905695e+00
2.355945930993469162e+00
3.994974079266233602e+00
9.438314509936326147e+00
-5.491196288233371803e+00
-2.757891611165121937e+00
-3.625068813910187870e+00
-2.800035730790210176e-01
1.979782829643727027e+01
5.952874885487063200e-02
8.573727191763073074e-01
2.854871693958941137e+00
-1.439445781961936355e+01
1.511053310574367714e+01
1.043219834196992712e+00
-2.256628943445567614e+01
-1.723148440019061312e+01
1.263198298302939371e+01
1.898054254906264759e+01
4.715775377984351202e+00
1.503589406337258350e+00
2.111423371537571647e+00
3.286351781639483161e+00
8.607859565967460824e+00
4.784041256769423711e+00
-5.899727427803957092e+00
-2.706742278144753300e+01
-2.535455618352134266e+01
1.183517233919587852e+00
1.064173664151207710e+01
-5.982647826298959970e+00
5.129086908357584740e+00
2.879390877099413615e+01
2.928676770605362023e+01
-3.967130087419107554e+01
-4.536018438708266842e+01
7.074809929693979704e+00
1.112014111168682007e+01
-1.752920061436684440e+00
3.506742195295784903e+00
3.921071210277700114e+00
3.053710794073568824e+00
-1.128259555345384335e+01
-9.311507787666915448e+00
1.765970163854597930e+00
5.089178820768874623e+00
-1.807015565274487301e+01
-1.075027775056321566e+01
3.144370034013529747e+01
2.944022385227870231e+01
7.496754383895822826e+00
-1.661813119316456522e+01
-9.930783679082567872e+00
5.287464254551304421e+00
-2.456242376453731779e+01
-2.308217191183846850e+01
6.798968286414645235e+00
2.000639972627648788e+01
-4.046150565927118414e+00
-1.259689438075115575e+01
5.285189607179250793e+00
2.438559082903787001e+01
2.219878447386272668e+01
-9.331403201443418283e+00
-8.225594044657862369e+00
-3.145341539121786667e+01
-2.368366031202739919e+01
1.581100140565868095e+01
1.643679073776848654e+01
-5.782112751957334318e+00
-4.949256360491661511e+00
1.061793146168339419e+01
-4.950232863925021931e+00
-4.372406494206911631e+00
1.339263875115321767e+01
-4.098249466492418058e+00
5.570416117012551016e-01
1.653479679190436258e+01
5.812991975903112341e+00
3.102322269832911150e+00
-3.177372153958463485e+01
-1.292561907405180754e+01
5.608574436628104287e+00
-1.947926841282750132e+01
-4.375717271789059115e-01
2.778020694665924140e+01
8.252085841416660017e+00
1.576360731420459871e+01
7.303017764359099218e+00
-2.629506169623698142e+01
-1.296099534501501260e+01
