3.438938750562159186e+01
-1.610169983176747621e+01
-2.477467152895288649e+01
5.419426388117210003e+00
5.127251609994595283e-01
-3.096958376732324325e+00
2.168074341170241581e+01
-1.919487474124854032e+01
-3.388404822261009031e+01
1.599336966584360198e+01
1.391448327037724475e+01
-2.766218526922284759e+00
2.780223091127661306e+00
4.005469996062692495e+00
2.830774204848605091e+00
-1.652840482961390300e+00
6.145724477384780116e+00
-8.412207450239968409e+00
-2.540661546977257501e+01
8.737866078043408535e+00
2.097660248209138345e+01
-1.520002274753107230e+01
-1.101045951979172877e+01
1.229254767397886106e+01
1.201371184912529344e+01
-2.031122466708840690e+01
6.039533746804643499e+00
1.409436102688282588e+01
-1.279588083119622155e+01
-1.718059247434828762e+01
2.994512065579159277e+00
1.461487262592875602e+01
-1.860174271996360318e+01
2.605042072087121685e+00
1.506492661511159525e+01
7.990496509861709562e+00
1.418625066542004909e+01
-1.594124919709929422e+01
-2.140192841463633400e+01
8.295274401489836080e+00
-4.792029279129669916e+00
-4.667245736680369211e-02
-8.206123411210316521e-01
7.668538942327581154e+00
1.696716416220647616e+01
-6.856149441893838237e+00
-1.020194494009807151e+01
1.634321772415747054e+00
-6.613201217160512790e+00
-8.516100434113696438e-02
1.069891345618125023e+01
1.560964382861232913e+01
-8.159395716145098731e+00
-6.420636783752784460e+00
2.083721279197107146e-01
-7.100510901429712085e+00
5.308535321187974887e+00
-7.457644368477327923e+00
1.210431472055983754e-01
2.080269687591876249e+01
2.252221594325420639e+01
1.521181626706305245e-01
-9.469086372300797860e-01
-1.243607556818389703e+01
-1.149898173345449237e+01
7.634356958583603081e+00
1.574543418724906729e+01
-9.624766778512798382e+00
-2.009948909965535790e+01
8.516029884116452564e+00
-7.021667010367526274e+00
-1.076456434253579175e+00
5.020995604903592202e+00
-2.920631218080340208e+00
2.248943458896405012e+00
1.447687467938005135e+01
1.742298911228540703e+01
5.598536715520098461e+00
-1.461360767242707404e+01
-2.209680952827599398e+01
-1.451792524172110888e+01
1.754127755763634511e+01
1.274449014664678081e+01
-2.036708538134494617e+01
-5.805404650893096097e+00
1.727025950432533463e+01
1.545994414708360765e+01
-1.506688382159828143e-01
-1.803496368096313640e+00
-1.434475838038020967e+01
4.456328990679630841e+00
5.228312167527992216e+00
6.644150682622537718e-02
-9.017569828601583459e-02
8.471078488268211915e-02
-7.621973694006713151e-02
6.693252515311463868e-02
-5.514678254052726714e-02
3.448870983373939630e-02
2.731020693264554419e-02
4.163572172615606526e+00
8.448237247690346674e-01
4.915819249147657111e+00
6.344945200707304167e+00
1.040282737717394212e+01
-4.700604543161844617e+00
-1.909182297899269543e+01
3.503559961940930112e+00
1.482733005192979236e+00
5.286105862638462050e+00
-2.364649206911995805e+01
-4.714802201194830955e-01
1.943106548321274474e+01
5.321827445558075631e+00
-5.315566948516745605e-01
6.574823084783526284e+00
9.791735847553040273e+00
1.433697782388366448e+01
-3.194202527185321472e+01
-3.067322202902200701e+01
1.040048644709887782e+00
-1.269344301139295972e+01
8.381343966689117408e+00
1.351463492175022374e+01
4.578209830270592584e-01
1.750083391931690935e+00
3.172896111865958435e+00
5.050589838734706127e+00
1.281236471451789782e+01
-1.858929112547037477e+01
-1.921533297771505033e+01
-1.532075419103781400e+01
-9.129850332670581992e+00
-2.532163018050884506e+00
1.925787069972254173e+01
2.771845029453019293e+01
8.017764300094434304e+00
-2.278800687847407502e+01
-2.380293970177412888e+01
7.032059600044584968e+00
1.614304089910469386e+01
-4.735653529628837788e+00
-1.547933452506472030e+01
5.667367338050503633e+00
1.656976877679954541e+01
1.084711163204243256e+01
-2.489665334742449332e+00
-1.407109199830513901e+01
-1.505903008427601009e+01
-4.834441710219491206e+00
9.623812995242053248e+00
1.616329564139702413e+01
3.564253222959365530e+00
-3.397962522493785942e-01
-2.334122859341106526e+00
-7.712361459881756254e+00
-7.618418132175437396e-01
-3.427118036584324123e+00
-1.564921363114721942e+01
-6.144459403880539128e+00
6.332071971915170794e-01
1.651511320394806503e+01
2.536611493905897063e+01
-1.023713129951972789e+01
-1.627320823190884624e+01
-6.224561158609236422e+00
7.377055645957171226e-01
-6.200770528239013757e+00
1.413563356913924096e+01
1.720061679528129517e+01
-2.937695485291324005e+01
-2.850515274864921267e+01
1.234829690187119056e+01
9.569533578973934418e-01
-9.580148636974305631e+00
5.970761203966579167e+00
2.279313089766917955e+01
1.730613723156094963e+01
1.095442347754359957e+01
-1.204708554719374192e+01
-3.310820042622471249e+01
2.697987364155600698e+00
1.828471381849614374e+01
5.014542307714504155e+00
-1.720512267200953715e+01
-1.869384885336417668e+01
-2.194367343648064850e-01
1.512659871454932947e+01
1.117362024211613480e+01
1.289627329275055345e+01
1.245035018924374093e+01
-1.264965506039679610e+01
-8.991493086675413693e+00
7.815896979682667833e+00
-3.100396631347324128e-01
3.324537805922044953e+00
-4.270864019365291142e+00
-6.483632298229600188e+00
-7.041748945417143357e-01
1.236553886707106820e+01
8.966433911370671694e+00
7.061854230134269272e+00
3.022569535186607315e+00
-2.380158834790958622e+01
-5.127771598121542596e+00
1.384235714138738516e+01
1.953027575499559854e+00
-1.839318922516373789e+01
5.303247594840172496e+00
6.607932962413542555e+00
-3.683741416129295843e+00
7.620793331143206117e+00
3.543092033465424340e+00
-4.921987825349520840e+00
3.935655812544847976e+00
2.147065324590525748e+01
-2.448644540229070898e+01
-4.460686168602759949e+01
8.739172066444963249e+00
3.195272133216954558e+01
1.102773256576068128e+01
-6.312045189985072469e+00
-4.368570783544051928e+00
-2.677527732125700499e+00
2.799362102532825247e+00
1.827980745727608436e-01
-1.099864326998744524e+01
1.509486874922529420e+00
5.130408729532866197e+00
-1.726609666871729676e+00
2.327765584263968623e+00
4.002942121049203328e-01
1.630221503851255749e+00
-1.333284013256865919e+01
-1.133655878161717467e+01
2.808857917182105979e+00
2.214518466825628096e+01
1.357461180350280294e+01
1.362889478792302267e+00
-1.677305754700148555e+01
-2.485254603327140188e+01
-4.548489116681795341e-01
-4.261032787544688283e+00
-1.140901011635877005e+01
-2.300921793357922684e+00
-4.754516698611618963e+00
9.574321995775095573e+00
2.851843860825011134e+01
7.924659259000820910e+00
-1.334011971620586046e+01
-1.612226550190646179e+01
-2.796490283739844784e+01
-2.828403779037986232e-01
2.530707546933325602e+01
5.931835787039402952e+00
-2.447559284932944124e+01
-9.693132862537220618e+00
5.319838808524355755e+00
-6.534839790336919307e+00
2.914782346594821050e+01
