2.858496128635303002e+00
-1.671092928980343473e+01
-8.441181988304704120e+00
8.860909918520153639e+00
-1.071051676664519015e+01
3.582856553444958347e+00
1.058068891512366605e+01
-2.161568327260981803e+01
9.098751179416725288e-01
1.985334169665077297e+01
1.957892728480933897e+01
-1.445350086905822895e+00
-1.554885104361774673e+01
-1.827098945168076938e+01
-3.529490579689165575e+00
8.436455957305083686e+00
1.633066703656564300e+01
5.884315584670810395e+00
-1.440430175929499335e+01
-1.204733544804536827e+01
6.425810169394413407e+00
1.812927258563561139e+01
6.499190815391549414e+00
-2.111203860831294410e+00
1.270279144173399999e+01
-7.996812608617404727e+00
-2.990108855636592011e+01
-1.525633821563874193e+01
3.243454319667391506e+00
2.944812016659596310e+01
2.149254410812415372e+01
-2.518648422997260283e+01
-1.377281742912986040e+01
-2.066988083608832572e+00
-5.144745500092118284e+00
-6.390854834254250383e-01
9.900348549386514208e+00
8.919115571592303837e+00
1.300324607278960620e+01
-9.881234381044106119e-01
-1.907834919820257014e+01
9.190628363082501195e+00
1.173626983229427267e+01
-7.623218433801893568e+00
-1.622799125726680103e+01
2.656434317399400058e+01
2.394853507656064195e+01
-6.759043761229557745e+00
-1.916575069913660556e+01
-4.018640861742603931e+00
3.145668880249494759e+00
7.763246813104150768e+00
-1.572629661469408724e+01
-2.622861633969650086e+01
7.628263555155529119e+00
2.285674891409748710e+01
2.756523200329567302e+01
6.779814114899722632e+00
-1.762142793771124971e+01
-2.023505232050240465e+00
-1.984160738525780010e+00
-9.578824241421335373e+00
-1.445897220367259317e+00
-4.254173423090116479e+00
-8.736048758818666826e+00
-1.852977067730751104e+00
2.279107533046441247e+01
1.654288347837445272e+01
-1.321283490506379188e+01
-6.756085146951025244e+00
7.893273969075013774e+00
6.560643166518626002e-01
-1.103261938417407784e+01
-6.793064018640891932e-01
1.423269020309248489e+01
-4.805095859946434955e-01
-1.714795794826961739e+01
-1.981053775899771807e+01
9.593477501792214923e+00
-3.963842900143883963e+00
-5.822918044640886137e+00
2.194761976439081863e+01
4.506098403763314053e+00
-2.950685471670559323e+01
-3.800205554939501518e+00
4.431673143229819978e+00
1.864810246051205311e+01
2.269330717337630432e+01
-2.252188001015702667e+01
-8.501136984656069373e+00
1.848796974976239849e+00
5.471075498674095705e+00
4.403208364798934404e+00
-1.563328041845973360e+01
-2.155451080580350975e+01
4.318374610527421886e+00
1.607813546151270501e+01
1.071190761328727525e+01
1.045616624176620846e+01
1.310711044032631634e+01
-4.194797955144022872e+00
-1.576199177212700064e+01
1.834652569189851423e+00
7.254463983135646110e+00
-5.028464573895665701e+00
-8.253596079534241126e-01
-8.592883248123724726e+00
-5.010323758662940108e+00
-9.994474585830586122e+00
-1.477757744320400413e+01
1.272772223617703702e+01
2.444886178498448359e+01
7.378650579508053475e+00
-1.022358153605170550e+01
1.104302774579844559e+01
6.164795450667662102e+00
1.024447759335227692e+00
-8.590468924643761994e+00
-2.099325556023282502e+01
-2.175283971564211072e+01
7.635432049339172522e+00
3.623143757213670657e+00
4.586569427788152353e+00
1.414362429327267456e+01
4.766649805264394857e+00
4.230778331598793685e+00
5.326547181925710639e+00
-1.321194518292106856e+01
-8.790624942634813976e+00
3.665681638580600588e+00
-6.213634792931169493e+00
-1.638629860362967650e+00
-2.385943957077424127e+00
-1.534260259246426550e+01
2.331101522282265037e+01
2.690103442018633118e+01
-6.031789232427262171e+00
1.019217182797414800e+01
2.163829702375039687e+00
6.978603449421773020e-01
9.499518825188705051e+00
-8.756014450229717028e+00
-2.053167163310582666e+01
-3.298797757489201565e+00
-2.570719792695313810e+00
-3.432890674759004668e+00
-3.861319492478882537e-02
5.334185562901454958e+00
1.316618279646908896e+01
1.428762705311474690e+01
-2.909453233994769850e+00
9.501775990498231850e-02
8.300498006799688966e+00
-7.087513029283153188e+00
-4.864961259309776409e+01
3.304577634651862272e+00
2.288768028839793800e+01
3.209408711065345976e+00
-1.534570340963234969e+01
1.046183211135308255e+01
2.437051723942291304e+01
8.890869589068328693e+00
7.824709069907149761e+00
-2.727465753971544515e+01
-2.252615473388458511e+01
5.559323795672584945e-01
4.901759033893674733e+00
-6.454512776479436553e+00
-2.184896124880775226e+00
1.435134555876970452e+01
1.490703581829812308e+01
-5.806855005352208332e-01
-2.896678736794723541e+00
-1.131835398213420080e-01
9.090981212933607836e+00
-2.643962355655379071e+00
-2.046170793616910899e+01
-7.400439703815820280e+00
6.269997378336045202e+00
1.480462214827942447e+01
-1.330484579727410477e+01
-3.063152207328791565e+00
7.197328045283633458e+00
1.280648750376935574e+01
-2.946381050810202851e-01
3.474595666447726217e+00
-4.271338356326626062e+00
-2.214247375033274423e+01
3.262242963784755201e+00
1.663892093372539804e+01
7.869269412006557829e+00
-2.168465163826212017e+00
-1.036660564296197329e+01
-7.191270310670548616e-02
-5.300163457210073759e+00
4.077350211251066447e+00
2.051573280833386415e-01
-1.919911244558088204e-01
2.178786893414634918e+01
-3.759440146168114172e+00
6.304780725331320390e+00
-3.096365157955946135e+00
-1.427836056089156003e+01
6.458263484874975369e+00
1.204773002652512481e+01
-1.195031180842322804e+01
-1.326395834480188363e+01
1.532584263924745560e+00
-6.361308147554459502e+00
3.139665433184995358e+00
2.600879880165022229e+01
2.726493124971378279e+01
-6.093941969282179905e+00
-3.887472021997564298e+01
-2.123818312915527695e+00
9.822020324643359501e+00
1.126641635277970899e+01
-5.788544130980964653e+00
-2.141259607334648862e+01
-8.641246130688939431e+00
3.765697014646003815e+00
1.749112172180627667e+01
4.797870874512717876e+00
4.875415948716534942e+00
-7.062608460247158604e+00
7.608972932717316340e+00
2.819884377616920013e+00
9.418187332453044291e+00
2.623195407476747842e+00
-2.262102072676623266e+01
-1.347246474990698140e+01
2.066662222496896462e+00
-1.015829238474374385e+01
-3.667182034492218357e+00
1.273172637126270779e+01
1.198806992149190620e+01
4.532543033353070960e+00
9.323111159662158531e-01
-1.011683535266547018e+01
-1.040480715808184797e+00
6.391956179916571834e+00
-2.456447824062166330e+00
3.555960499908271011e+00
-1.358220482468595236e+01
2.604307651513712685e+00
9.797864568964323340e+00
3.882664195368544569e+00
-8.710060512596358606e+00
-1.693428105809308448e+01
-3.414718385122320843e+00
1.100356099950974986e+01
1.801285148294862637e+01
1.252339904133954285e+01
4.927485006573016690e+00
-9.061464866687234831e+00
-1.128556363091431614e+01
-1.000704508910746471e+00
-1.267978118145765798e+01
9.168586155142229188e+00
2.018075435349939184e+01
