0.0     1.090642685469420635e-02
0.1     4.595097741181486221e-03
0.2     -1.301176482433110369e-02
0.3     -3.695329526761573918e-02
0.4     -5.694940707534793672e-02
0.5     -6.067383277608424247e-02
0.6     -3.819045781891253211e-02
0.7     1.411425066564915044e-02
0.8     9.140144057151004808e-02
0.9     1.805420645214397546e-01
1.0     2.622705414865371676e-01
1.1     3.146406081936707899e-01
1.2     3.171118096594094937e-01
1.3     2.547906136640407104e-01
1.4     1.224098404476494789e-01
1.5     -7.254013238375602024e-02
1.6     -3.083489450230672557e-01
1.7     -5.500811720287339668e-01
1.8     -7.533759602387070098e-01
1.9     -8.706349627144814862e-01
2.0     -8.586002077190078019e-01
2.1     -6.862246837633003693e-01
2.2     -3.422426815642978237e-01
2.3     1.576209025013961817e-01
2.4     7.639856858635268866e-01
2.5     1.389157616133528839e+00
2.6     1.908015675748089501e+00
2.7     2.169488491943843744e+00
2.8     2.022902684032676479e+00
2.9     1.359249700866517641e+00
3.0     1.602561192082636865e-01
3.1     -1.459557021915810049e+00
3.2     -3.236828502291014598e+00
3.3     -4.785646381631461388e+00
3.4     -5.671644697609320218e+00
3.5     -5.522535755712483230e+00
3.6     -4.146968307406816656e+00
3.7     -1.623677748052187342e+00
3.8     1.674195661283558456e+00
3.9     5.137990157634813038e+00
4.0     8.057862863989075919e+00
4.1     9.798005013060889112e+00
4.2     9.961320045444020721e+00
4.3     8.492391626203735555e+00
4.4     5.685781815156594199e+00
4.5     2.097795940565967410e+00
4.6     -1.608349036640551732e+00
4.7     -4.832838010752096736e+00
4.8     -7.171181265473951072e+00
4.9     -8.470777276395411448e+00
5.0     -8.804201702645480410e+00
5.1     -8.381408746048224501e+00
5.2     -7.442086424420722324e+00
5.3     -6.171182554480378002e+00
5.4     -4.665179561841738654e+00
5.5     -2.952216797093363709e+00
5.6     -1.045987738099752873e+00
5.7     9.986056617185731232e-01
5.8     3.056725228705543529e+00
5.9     4.944852476934765484e+00
6.0     6.464931171389175724e+00
6.1     7.459392161496989360e+00
6.2     7.851593862452070915e+00
6.3     7.655046528345537560e+00
6.4     6.950903767755555407e+00
6.5     5.848149291407579220e+00
6.6     4.447803662069552466e+00
6.7     2.828083940545651931e+00
6.8     1.054788547283345590e+00
6.9     -7.931620681863483791e-01
7.0     -2.601616323422148103e+00
7.1     -4.219534556864255492e+00
7.2     -5.483983861694952111e+00
7.3     -6.263578568916329914e+00
7.4     -6.501288305703383230e+00
7.5     -6.236122089570304894e+00
7.6     -5.591771981735749186e+00
7.7     -4.735081570793385097e+00
7.8     -3.820903717117347664e+00
7.9     -2.946013273757052797e+00
8.0     -2.130512351215683164e+00
8.1     -1.332568924568557467e+00
8.2     -4.876853938915108322e-01
8.3     4.464225629286214247e-01
8.4     1.459190483832621288e+00
8.5     2.482853875530819376e+00
8.6     3.413779754584345572e+00
8.7     4.147856409005387768e+00
8.8     4.613589557587007839e+00
8.9     4.789759115203449547e+00
9.0     4.702958920372043217e+00
9.1     4.409744932398726114e+00
9.2     3.973565354156654905e+00
9.3     3.446543980169917365e+00
9.4     2.861494620770244079e+00
9.5     2.233448625402132404e+00
9.6     1.566103876368627468e+00
9.7     8.582837059649325306e-01
9.8     1.082321421840529846e-01
9.9     -6.832655963614425731e-01
10.0      -1.508599730070738998e+00
10.1      -2.346977512949742550e+00
10.2      -3.158096681232421599e+00
10.3      -3.880318169556183250e+00
10.4      -4.437364924282094947e+00
10.5      -4.754226105341934350e+00
10.6      -4.777945108648845363e+00
10.7      -4.495600643831101806e+00
10.8      -3.941602010765782538e+00
10.9      -3.190473246462723456e+00
11.0      -2.337335828800838566e+00
11.1      -1.473523256966821959e+00
11.2      -6.665871348708870547e-01
11.3      4.858232353477482529e-02
11.4      6.661543590906194856e-01
11.5      1.197377922031564568e+00
11.6      1.657122638437367401e+00
11.7      2.054978727705443653e+00
11.8      2.393232217073658852e+00
11.9      2.669930777581901893e+00
12.0      2.882886369665430326e+00
12.1      3.031188088070609243e+00
12.2      3.113369007244392694e+00
12.3      3.124365325011835726e+00
12.4      3.054466803078306203e+00
12.5      2.892224367703502441e+00
12.6      2.630463761937802847e+00
12.7      2.272149010220099630e+00
12.8      1.832420318456794872e+00
12.9      1.335091361796259868e+00
13.0      8.051970803511987462e-01
13.1      2.616296805985526275e-01
13.2      -2.858485535901028052e-01
13.3      -8.333199271065415692e-01
13.4      -1.374928902625641713e+00
13.5      -1.895156763026537350e+00
13.6      -2.365991132373107320e+00
13.7      -2.751295024547856460e+00
13.8      -3.016763326340198059e+00
13.9      -3.140719755449997930e+00
14.0      -3.120423679480238466e+00
14.1      -2.970912951782016975e+00
14.2      -2.717391722154917755e+00
14.3      -2.385417911282012415e+00
14.4      -1.994126451495400021e+00
14.5      -1.555636236605417499e+00
14.6      -1.080130102175738793e+00
14.7      -5.828456954262533074e-01
14.8      -8.813893294229091513e-02
14.9      3.723225352509172414e-01
15.0      7.668405253376576747e-01
15.1      1.072804140398901707e+00
15.2      1.282950987631046980e+00
15.3      1.405640338027169589e+00
15.4      1.459216613065748902e+00
15.5      1.463596657128972689e+00
15.6      1.433421186607394482e+00
15.7      1.375867474353991371e+00
15.8      1.293391812656760065e+00
15.9      1.188944226176542385e+00
16.0      1.070031208080718388e+00
16.1      9.490577785609666250e-01
16.2      8.397809289966758906e-01
16.3      7.521042206432017041e-01
16.4      6.883484546456344333e-01
16.5      6.431318114829408517e-01
16.6      6.068518966155274086e-01
16.7      5.706374131198953537e-01
16.8      5.299908158290044247e-01
16.9      4.852333305570196154e-01
17.0      4.389243725006883312e-01
17.1      3.921684583616185660e-01
17.2      3.422461884812306732e-01
17.3      2.830752106782358779e-01
17.4      2.081189259942992364e-01
17.5      1.139085931826978454e-01
17.6      1.971787683264350933e-03
17.7      -1.219656532398377818e-01
17.8      -2.509747552806664284e-01
17.9      -3.802013492347040002e-01
18.0      -5.084655048489197249e-01
18.1      -6.372373932420972720e-01
18.2      -7.677267991492399135e-01
18.3      -8.979673551891331762e-01
18.4      -1.021771544478707883e+00
18.5      -1.130268299416183009e+00
18.6      -1.215196700849864309e+00
18.7      -1.272004092382873486e+00
18.8      -1.300990290316708542e+00
18.9      -1.305838390236264024e+00
19.0      -1.290454239192396324e+00
19.1      -1.256001723859768937e+00
19.2      -1.199870423422612964e+00
19.3      -1.117143527627997068e+00
19.4      -1.003690171503412332e+00
19.5      -8.590688209678445375e-01
19.6      -6.876225608238640818e-01
19.7      -4.972028402433821270e-01
19.8      -2.963591370322317675e-01
19.9      -9.162162691869445152e-02
20.0      1.136652707930656120e-01
20.1      3.184852341116669039e-01
20.2      5.220029784068448420e-01
20.3      7.215639350631359861e-01
20.4      9.120918490973261017e-01
20.5      1.087156419460270307e+00
20.6      1.241008491762313648e+00
20.7      1.370282282127846640e+00
20.8      1.474354491302301673e+00
20.9      1.554237095242372746e+00
21.0      1.610766259082257124e+00
21.1      1.643248741201290164e+00
21.2      1.649445323058711388e+00
21.3      1.626790292015056316e+00
21.4      1.574081178623157884e+00
21.5      1.492481182880666779e+00
21.6      1.385161622905287659e+00
21.7      1.255741411574981203e+00
21.8      1.106431324746646849e+00
21.9      9.370160888970061608e-01
22.0      7.453229363370460492e-01
22.1      5.290282968535495733e-01
22.2      2.878581115635375220e-01
22.3      2.511241921149262243e-02
22.4      -2.522128774473236801e-01
22.5      -5.346517098087543163e-01
22.6      -8.121357544762225489e-01
22.7      -1.075627241042999005e+00
22.8      -1.317906832505368220e+00
22.9      -1.533521321999608666e+00
23.0      -1.718301600854021283e+00
23.1      -1.868999246074549703e+00
23.2      -1.983257248670945883e+00
23.3      -2.059781705012391217e+00
23.4      -2.098299954548372703e+00
23.5      -2.099117879699521794e+00
23.6      -2.062353236489996355e+00
23.7      -1.987364156331559828e+00
23.8      -1.872890742546512222e+00
23.9      -1.718085588936278496e+00
24.0      -1.524061738370963148e+00
24.1      -1.295171049107378236e+00
24.2      -1.039213892821524210e+00
24.3      -7.662654703485745067e-01
24.4      -4.864805485789686634e-01
24.5      -2.077961566507665336e-01
24.6      6.542806833682439371e-02
24.7      3.323026120115948889e-01
24.8      5.939241737728255810e-01
24.9      8.513161458837662510e-01
25.0      1.103729443261629140e+00
25.1      1.347955464793334501e+00
25.2      1.578736110423413441e+00
25.3      1.789801526362334583e+00
25.4      1.974874083490814280e+00
25.5      2.128204227074751653e+00
25.6      2.244629119382940630e+00
25.7      2.319488529382644604e+00
25.8      2.348772452875250494e+00
25.9      2.329695997967292431e+00
26.0      2.261429230327485218e+00
26.1      2.145571738897590119e+00
26.2      1.985980558751711866e+00
26.3      1.787939275794774963e+00
26.4      1.557055268146783300e+00
26.5      1.298406926745291790e+00
26.6      1.016404930068931955e+00
26.7      7.153561722460782812e-01
26.8      4.003417763795937834e-01
26.9      7.781383719673541643e-02
27.0      -2.444919945284552698e-01
27.1      -5.584002829902159348e-01
27.2      -8.564634142498460667e-01
27.3      -1.132905273972135030e+00
27.4      -1.383931752987430430e+00
27.5      -1.607310474443191417e+00
27.6      -1.801618651307901109e+00
27.7      -1.965570102641413852e+00
27.8      -2.097801095788180969e+00
27.9      -2.197096618054689365e+00
28.0      -2.262764974851567690e+00
28.1      -2.294784619599274489e+00
28.2      -2.293500244362360885e+00
28.3      -2.259020181963415475e+00
28.4      -2.190681061639711658e+00
28.5      -2.087001863768261689e+00
28.6      -1.946299683984588746e+00
28.7      -1.767767180974423979e+00
28.8      -1.552566586114735303e+00
28.9      -1.304433670509924426e+00
29.0      -1.029496398490453934e+00
29.1      -7.354298328699685472e-01
29.2      -4.302648412028480251e-01
29.3      -1.213582253414687839e-01
29.4      1.851835673052264764e-01
29.5      4.845450704407850417e-01
29.6      7.728857007327386563e-01
29.7      1.046902343920349976e+00
29.8      1.303448359506001131e+00
29.9      1.539273232192980956e+00
30.0      1.750845542060154747e+00
30.1      1.934240699039753819e+00
30.2      2.085146478936071635e+00
30.3      2.199104815370009902e+00
30.4      2.272049374640585651e+00
30.5      2.301069389708486401e+00
30.6      2.285143410857339408e+00
30.7      2.225554519764087580e+00
30.8      2.125746052143264730e+00
30.9      1.990622496786434548e+00
31.0      1.825553049992049148e+00
31.1      1.635464680194531839e+00
31.2      1.424373129458006204e+00
31.3      1.195474495832919093e+00
31.4      9.516626110607727673e-01
31.5      6.961406673912956533e-01
31.6      4.328410004138228406e-01
31.7      1.664604624755281204e-01
31.8      -9.783481675208992312e-02
31.9      -3.548456953870806618e-01
32.0      -5.997167708175528134e-01
32.1      -8.281579516082318015e-01
32.2      -1.036543916647003849e+00
32.3      -1.221978990897972350e+00
32.4      -1.382381821908900799e+00
32.5      -1.516589677148553195e+00
32.6      -1.624347694925021734e+00
32.7      -1.706120365576418552e+00
32.8      -1.762736937493085909e+00
32.9      -1.794982784200691350e+00
33.0      -1.803332060568164863e+00
33.1      -1.787926821100642050e+00
33.2      -1.748824965682881372e+00
33.3      -1.686314363002382466e+00
33.4      -1.601140036098578578e+00
33.5      -1.494489325477093233e+00
33.6      -1.367800993412775723e+00
33.7      -1.222544225507373961e+00
33.8      -1.060185349674982680e+00
33.9      -8.824242767585884772e-01
34.0      -6.915953813339776879e-01
34.1      -4.910086743572074641e-01
34.2      -2.849932015727227874e-01
34.3      -7.853413070245317262e-02
34.4      1.233696139404405479e-01
34.5      3.163709691700066218e-01
34.6      4.971741956004860907e-01
34.7      6.635560324500044960e-01
34.8      8.140607196123260669e-01
34.9      9.476292930515882729e-01
35.0      1.063353488378697032e+00
35.1      1.160504630991867847e+00
35.2      1.238698839576028332e+00
35.3      1.298040464342595568e+00
35.4      1.339043492041839700e+00
35.5      1.362331021481258730e+00
35.6      1.368255058016516479e+00
35.7      1.356675717669610703e+00
35.8      1.327054316642029885e+00
35.9      1.278850607480082724e+00
36.0      1.212015577721798243e+00
36.1      1.127329129388486839e+00
36.2      1.026407598482784511e+00
36.3      9.114071951873676802e-01
36.4      7.846447348185394688e-01
36.5      6.483589220279903920e-01
36.6      5.047827412776718647e-01
36.7      3.564218915762196183e-01
36.8      2.063332775908862660e-01
36.9      5.812549305115525394e-02
37.0      -8.440334795308868099e-02
37.1      -2.178927782036496064e-01
37.2      -3.399870107207210723e-01
37.3      -4.495901152157184555e-01
37.4      -5.466416644783204104e-01
37.5      -6.315587219128687702e-01
37.6      -7.046292935735718466e-01
37.7      -7.656814632583842650e-01
37.8      -8.141443730921705813e-01
37.9      -8.494304622104813518e-01
38.0      -8.713680698275528824e-01
38.1      -8.804039480841691079e-01
38.2      -8.774813676719306343e-01
38.3      -8.636708608030145840e-01
38.4      -8.398114323342239507e-01
38.5      -8.063762683023164568e-01
38.6      -7.636336713107482188e-01
38.7      -7.119822654738813261e-01
38.8      -6.522228693058357285e-01
38.9      -5.855931393906891325e-01
39.0      -5.135385087321240327e-01
39.1      -4.373785551590431697e-01
39.2      -3.580939017080922437e-01
39.3      -2.763829289896462815e-01
39.4      -1.929603900478462641e-01
39.5      -1.089028586158614781e-01
39.6      -2.580482733656174962e-02
39.7      5.437982884235681436e-02
39.8      1.297492206939787618e-01
39.9      1.988893005560153082e-01
40.0      2.610914457779056064e-01
40.1      3.162319207620954420e-01
40.2      3.644012605869270671e-01
40.3      4.055163409383118478e-01
40.4      4.391572520884898245e-01
40.5      4.647236413941042144e-01
40.6      4.818008017124753017e-01
40.7      4.904956805449758317e-01
40.8      4.915139047011143902e-01
40.9      4.859130707793893333e-01
41.0      4.746712110924375949e-01
41.1      4.583240287126585932e-01
41.2      4.368926358958967193e-01
41.3      4.101453291780608468e-01
41.4      3.780353558740601749e-01
41.5      3.410500024771160876e-01
41.6      3.002638346819929693e-01
41.7      2.570664554175306482e-01
41.8      2.127347997399828827e-01
41.9      1.681085560798751544e-01
42.0      1.235554935894753320e-01
42.1      7.923161388421934292e-02
42.2      3.545525469218587661e-02
42.3      -7.052478529940134355e-03
42.4      -4.721880450064287055e-02
42.5      -8.393617912147850746e-02
42.6      -1.164462432774916456e-01
42.7      -1.445530306378360608e-01
42.8      -1.685317921025810406e-01
42.9      -1.887924715752130889e-01
43.0      -2.055102982276771906e-01
43.1      -2.184548238824958188e-01
43.2      -2.271240083229933704e-01
43.3      -2.310963342600275139e-01
43.4      -2.303769252481959462e-01
43.5      -2.255138034083668253e-01
43.6      -2.174064735751632116e-01
43.7      -2.069177047632436983e-01
43.8      -1.945270661962525960e-01
43.9      -1.802360737134726387e-01
44.0      -1.637803245967930366e-01
44.1      -1.450164005404943335e-01
44.2      -1.242374802629101355e-01
44.3      -1.022232561335879586e-01
44.4      -7.999053009009657322e-02
44.5      -5.840007261905370145e-02
44.6      -3.785925416680969297e-02
44.7      -1.830383163472911259e-02
44.8      5.390685570929018349e-04
44.9      1.877474770721898611e-02
45.0      3.609256653213859661e-02
45.1      5.180140166666055007e-02
45.2      6.512881797758940383e-02
45.3      7.559482788467319914e-02
45.4      8.322804652647484980e-02
45.5      8.848886665270505603e-02
45.6      9.194963523106608472e-02
45.7      9.393362461544559061e-02
45.8      9.434119521233348682e-02
45.9      9.277009250586010225e-02
46.0      8.885583332098064002e-02
46.1      8.261355360155445138e-02
46.2      7.456439598066903762e-02
46.3      6.556004541025377275e-02
46.4      5.640854483637740974e-02
46.5      4.752771404773467601e-02
46.6      3.883717756592606346e-02
46.7      2.995070495331141405e-02
46.8      2.054715673776813523e-02
46.9      1.068635667102899728e-02
47.0      8.755702058544810248e-04
47.1      -8.153741780549624008e-03
47.2      -1.581553733442247686e-02
47.3      -2.195409276284924702e-02
47.4      -2.686554017108876494e-02
47.5      -3.104602819816301360e-02
47.6      -3.482626567965466102e-02
47.7      -3.812521749206312927e-02
47.8      -4.047839807616664121e-02
47.9      -4.132493600135073858e-02
48.0      -4.037281491386131987e-02
48.1      -3.781347304498441225e-02
48.2      -3.424891101113616138e-02
48.3      -3.037597925135147869e-02
48.4      -2.662225228755607867e-02
48.5      -2.296004744409900142e-02
48.6      -1.901154940112560754e-02
48.7      -1.437748929146349074e-02
48.8      -8.980098015024530825e-03
48.9      -3.203799875900010738e-03
49.0      2.258037586100242623e-03
49.1      6.756193922160952381e-03
49.2      1.002103801181157376e-02
49.3      1.227168456310819000e-02
49.4      1.403328759473198954e-02
49.5      1.577686959827982738e-02
49.6      1.760816345394576946e-02
49.7      1.919843052593233831e-02
49.8      1.999991366353661218e-02
49.9      1.960780269613812687e-02
50.0      1.804066704287393338e-02
50.1      1.576074703257874729e-02
50.2      1.342041179423364428e-02
50.3      1.149183362393796370e-02
50.4      1.001190217035096731e-02
50.5      8.601902957005230083e-03
50.6      6.749990048958481349e-03
50.7      4.178673385197181379e-03
50.8      1.066086446672632635e-03
50.9      -2.020912700078267201e-03
51.0      -4.442492091056280713e-03
51.1      -5.856371586504809969e-03
51.2      -6.411616459952036717e-03
51.3      -6.644043782788973916e-03
51.4      -7.134994256942556179e-03
51.5      -8.143696840230868136e-03
51.6      -9.439237351046873489e-03
51.7      -1.043691764395987022e-02
51.8      -1.055478769052978043e-02
51.9      -9.572163405604490818e-03
52.0      -7.770271392318527093e-03
52.1      -5.771805598664965335e-03
52.2      -4.180152707274584732e-03
52.3      -3.241970989633108369e-03
52.4      -2.737803300430381986e-03
52.5      -2.162499590254268658e-03
52.6      -1.075600644756252201e-03
52.7      6.004052596745955558e-04
52.8      2.520901900143142620e-03
52.9      4.131815242464837758e-03
53.0      5.016288824475696739e-03
53.1      5.152771338721618896e-03
53.2      4.920617403496732080e-03
53.3      4.849093431747679775e-03
53.4      5.270043301626830580e-03
53.5      6.095210135041231880e-03
53.6      6.862254600777055631e-03
53.7      7.022776876451713828e-03
53.8      6.293198497586849176e-03
53.9      4.846661216823745962e-03
54.0      3.223434230181196434e-03
54.1      2.012034755733994266e-03
54.2      1.498675077566961411e-03
54.3      1.502681108490973002e-03
54.4      1.501617821454267034e-03
54.5      9.682589403882047507e-04
54.6      -2.898114654997357704e-04
54.7      -2.000416244846451360e-03
54.8      -3.587504578265442515e-03
54.9      -4.522819868443959078e-03
55.0      -4.648248938770211530e-03
55.1      -4.267524435622976030e-03
55.2      -3.948585040134722918e-03
55.3      -4.159775226602544125e-03
55.4      -4.966440604681973681e-03
55.5      -5.978826593226446717e-03
55.6      -6.585251681413784204e-03
55.7      -6.328026994550988056e-03
55.8      -5.189315416740484903e-03
55.9      -3.610288593619199061e-03
56.0      -2.230836707953393755e-03
56.1      -1.510577520381633327e-03
56.2      -1.463612242894251790e-03
56.3      -1.668895040902661567e-03
56.4      -1.545898682722109943e-03
56.5      -7.226212105442118448e-04
56.6      7.329450428026639030e-04
56.7      2.358189387656417935e-03
56.8      3.585314535311042924e-03
56.9      4.089270621408823587e-03
57.0      3.975380531174584932e-03
57.1      3.690262671583620455e-03
57.2      3.716542377223375562e-03
57.3      4.247737244048357605e-03
57.4      5.052856184999760837e-03
57.5      5.618653578832964561e-03
57.6      5.481551092809192061e-03
57.7      4.538289434358864886e-03
57.8      3.136133778519668153e-03
57.9      1.879581607013085373e-03
58.0      1.269862026022922172e-03
58.1      1.399779925638063244e-03
58.2      1.895886752829385909e-03
58.3      2.147019590088391355e-03
58.4      1.681308679605288342e-03
58.5      4.595693453405319453e-04
58.6      -1.095704896197661517e-03
58.7      -2.354525522227455397e-03
58.8      -2.859780924332664797e-03
58.9      -2.599812524135658009e-03
59.0      -2.005450100345793074e-03
59.1      -1.675485052942913720e-03
59.2      -2.001521883234598769e-03
59.3      -2.925338299662507465e-03
59.4      -3.977329867136477140e-03
59.5      -4.570198806252984657e-03
59.6      -4.362862017705609018e-03
59.7      -3.468192348188561900e-03
59.8      -2.376445573197129985e-03
59.9      -1.645298117980062468e-03
60.0      -1.552151561512131158e-03
60.1      -1.927322217184298733e-03
60.2      -2.271305616576864157e-03
60.3      -2.081051539145127843e-03
60.4      -1.178279453981551962e-03
60.5      1.672429764998566246e-04
60.6      1.397871889978652372e-03
60.7      2.010790524082371831e-03
60.8      1.867962800314824532e-03
60.9      1.277678242567301939e-03
61.0      7.963646404530352581e-04
61.1      8.747312085588672360e-04
61.2      1.571546461679519105e-03
61.3      2.515694797286794487e-03
61.4      3.142016481304776929e-03
61.5      3.053112782401836214e-03
61.6      2.279503001967339484e-03
61.7      1.272211768287927073e-03
61.8      6.296825514775319411e-04
61.9      7.273086579919375979e-04
62.0      1.481204274566194504e-03
62.1      2.394900643534751249e-03
62.2      2.862573054678171913e-03
62.3      2.541280382117952225e-03
62.4      1.561362233839982050e-03
62.5      4.433070269756500016e-04
62.6      -2.274540731233009336e-04
62.7      -1.660511720206319915e-04
62.8      4.340785725425946200e-04
62.9      1.022131007834846828e-03
63.0      1.035167948361146589e-03
63.1      2.527383887513082899e-04
63.2      -1.059657867800129155e-03
63.3      -2.308239013307013168e-03
63.4      -2.931771909621664566e-03
63.5      -2.741778825220408337e-03
63.6      -2.030687161402601991e-03
63.7      -1.381735273157596406e-03
63.8      -1.299609076462416874e-03
63.9      -1.892853179152753293e-03
64.0      -2.805809073153110993e-03
64.1      -3.442362460337059730e-03
64.2      -3.340954354913305922e-03
64.3      -2.466575584500856066e-03
64.4      -1.236905182440600120e-03
64.5      -2.665616804239172538e-04
64.6      1.099218814002899832e-05
64.7      -3.925250651773042141e-04
64.8      -1.034691143933022962e-03
64.9      -1.326073489167749371e-03
65.0      -9.049917695005124186e-04
65.1      1.312276788906451257e-04
65.2      1.283738578488012681e-03
65.3      1.962453786451984553e-03
65.4      1.855407717840216845e-03
65.5      1.125803278962556270e-03
65.6      3.134137054591981273e-04
65.7      1.207007534530972828e-06
65.8      4.551980884234083807e-04
65.9      1.461671357494031013e-03
66.0      2.462893094601817986e-03
66.1      2.905311599390041771e-03
66.2      2.582120342311589479e-03
66.3      1.755642079024487224e-03
66.4      9.840008604525816473e-04
66.5      7.618307504797016197e-04
66.6      1.202183447203895557e-03
66.7      1.960580983710427314e-03
66.8      2.450595345808402169e-03
66.9      2.216281505336187459e-03
67.0      1.227874357866560930e-03
67.1      -8.649009048781233213e-05
67.2      -1.095022072714621399e-03
67.3      -1.345811693178187952e-03
67.4      -8.407488481572039695e-04
67.5      -2.900859854225084497e-05
67.6      4.764498624830301905e-04
67.7      2.823782130068513193e-04
67.8      -5.404707295376724946e-04
67.9      -1.505087317942119902e-03
68.0      -2.017638964226119939e-03
68.1      -1.754733516667154663e-03
68.2      -8.713140527647694278e-04
68.3      9.174296053888611805e-05
68.4      5.436067932420477573e-04
68.5      2.127489190785088722e-04
68.6      -6.820760076540720307e-04
68.7      -1.567680975400995115e-03
68.8      -1.875172530874114236e-03
68.9      -1.397960212121903334e-03
69.0      -4.242977835644861566e-04
69.1      4.396712916387465037e-04
69.2      6.475207248094710759e-04
69.3      5.544272466988161294e-05
69.4      -9.836773608777292510e-04
69.5      -1.834852597260835938e-03
69.6      -1.971058301248039893e-03
69.7      -1.296154432293819114e-03
69.8      -1.992666486994072326e-04
69.9      6.927069185264689332e-04
70.0      9.093955022020155585e-04
70.1      4.304778364616729486e-04
70.2      -3.059633141194364331e-04
70.3      -6.864077017371513411e-04
70.4      -3.189384632159427096e-04
70.5      7.052065890200556004e-04
70.6      1.851978892495756120e-03
70.7      2.464591732039851397e-03
70.8      2.166182575989123154e-03
70.9      1.094697525675318323e-03
71.0      -1.767448478422491533e-04
71.1      -9.858128568939479152e-04
71.2      -9.789253638957460656e-04
71.3      -3.148938949295310434e-04
71.4      4.512984196968609658e-04
71.5      7.300808865546049324e-04
71.6      2.769353403475408038e-04
71.7      -6.486748046003188968e-04
71.8      -1.445184578707315107e-03
71.9      -1.550755472703794742e-03
72.0      -8.053814982276478107e-04
72.1      4.347760170978627841e-04
72.2      1.504831068117088886e-03
72.3      1.832814980971475376e-03
72.4      1.286141319417857592e-03
72.5      2.467259054864201582e-04
72.6      -6.320989692710849350e-04
72.7      -8.353594318322751615e-04
72.8      -3.064100160787352556e-04
72.9      5.232692873823165461e-04
73.0      1.013995655961564971e-03
73.1      7.324771711631636534e-04
73.2      -2.587835460503909988e-04
73.3      -1.420469558478973729e-03
73.4      -2.054787092059956639e-03
73.5      -1.727523136571528515e-03
73.6      -5.326426135699637715e-04
73.7      9.638864631897526734e-04
73.8      2.065156915403286008e-03
73.9      2.356088717500836194e-03
74.0      1.931379863294736690e-03
74.1      1.298890812100522056e-03
74.2      1.023532915222077552e-03
74.3      1.340107738752116875e-03
74.4      1.983886624753531270e-03
74.5      2.350290443719587220e-03
74.6      1.887038547324083578e-03
74.7      4.725874336669047483e-04
74.8      -1.460579034668408162e-03
74.9      -3.143064006062765842e-03
75.0      -3.899357087816185310e-03
75.1      -3.531118307399560858e-03
75.2      -2.418222682427132418e-03
75.3      -1.275989348643568168e-03
75.4      -7.183277401318901786e-04
75.5      -8.960751760109715060e-04
75.6      -1.431604824327353071e-03
75.7      -1.686105306150642406e-03
75.8      -1.188563605571195956e-03
75.9      4.418416616010249824e-05
76.0      1.497902318590585728e-03
76.1      2.467989794533696508e-03
76.2      2.490672187888211264e-03
76.3      1.627693711456150438e-03
76.4      4.260103960152924400e-04
76.5      -4.222094504597057193e-04
76.6      -5.054164156742543086e-04
76.7      6.333285007535405806e-05
76.8      7.377554057329177356e-04
76.9      9.067651718404938976e-04
77.0      3.061032891138496209e-04
77.1      -7.899358368697400289e-04
77.2      -1.722644747526112146e-03
77.3      -1.857211545045155164e-03
77.4      -9.910644099352574482e-04
77.5      4.956313106253114548e-04
77.6      1.847305687563825793e-03
77.7      2.375316418415619139e-03
77.8      1.864695624152365623e-03
77.9      6.942417398704228042e-04
78.0      -4.045846514125750189e-04
78.1      -8.009501196531752061e-04
78.2      -3.491290140291188472e-04
78.3      5.338079386198708127e-04
78.4      1.144010787272151542e-03
78.5      9.465505636076257346e-04
78.6      -7.537534890584065021e-05
78.7      -1.397562458661439537e-03
78.8      -2.273678301470044138e-03
78.9      -2.196991023410129872e-03
79.0      -1.215627736269112242e-03
79.1      9.696454705020593143e-05
79.2      9.990305246348836401e-04
79.3      1.041698576913017331e-03
79.4      3.446330251920676213e-04
79.5      -4.885767853745224751e-04
79.6      -7.641266708707803237e-04
79.7      -1.545013680000863806e-04
79.8      1.070657369966113116e-03
79.9      2.188954548524779751e-03
80.0      2.460869780611632703e-03
80.1      1.589154850787597014e-03
80.2      -8.303276415386770613e-05
80.3      -1.760541722197727201e-03
80.4      -2.657629953191582416e-03
80.5      -2.449900752086058443e-03
80.6      -1.440460299703415692e-03
80.7      -3.420257844479041281e-04
80.8      1.845452916956164620e-04
80.9      -5.594858419872431526e-05
81.0      -6.862198234246029817e-04
81.1      -1.021655364735557297e-03
81.2      -5.370613464646381476e-04
81.3      7.635634187779907810e-04
81.4      2.313202098586502557e-03
81.5      3.311549544831204894e-03
81.6      3.215677315562871091e-03
81.7      2.084129574308909560e-03
81.8      5.551124372840015100e-04
81.9      -5.336780377791028665e-04
82.0      -6.512750167977206456e-04
82.1      1.077313140125307967e-04
82.2      1.091085955291111508e-03
82.3      1.502959190246178078e-03
82.4      9.077650345224490746e-04
82.5      -4.900629660270398131e-04
82.6      -1.965572719362416055e-03
82.7      -2.718898248909346668e-03
82.8      -2.369914405703301124e-03
82.9      -1.193513686856250691e-03
83.0      5.184183558717998791e-05
83.1      5.957297980975469545e-04
83.2      1.332567787882445046e-04
83.3      -9.901047153207710467e-04
83.4      -2.001884707814446159e-03
83.5      -2.194009450512159499e-03
83.6      -1.373366372772196571e-03
83.7      1.242761591657019035e-05
83.8      1.154623884112133568e-03
83.9      1.393691830485993847e-03
84.0      6.393436880760982764e-04
84.1      -5.660915930898628235e-04
84.2      -1.384133076640583701e-03
84.3      -1.207811870129938845e-03
84.4      -4.929736548025485119e-05
84.5      1.458493151222711379e-03
84.6      2.451426574799303246e-03
84.7      2.373553435620285538e-03
84.8      1.328276520400354516e-03
84.9      1.825831677377534254e-05
85.0      -6.925027577937442093e-04
85.1      -3.229026453973962989e-04
85.2      9.158860055062950515e-04
85.3      2.243021394994541406e-03
85.4      2.790248272087387290e-03
85.5      2.144757951115074893e-03
85.6      6.123744643173937262e-04
85.7      -9.670822961771853923e-04
85.8      -1.740830599107562890e-03
85.9      -1.376581333563391520e-03
86.0      -2.728208303814672617e-04
86.1      6.906615892344119883e-04
86.2      7.115679488205213640e-04
86.3      -4.133848739923148656e-04
86.4      -2.132399468496500375e-03
86.5      -3.452340667974663352e-03
86.6      -3.535156310080821065e-03
86.7      -2.211933915036588729e-03
86.8      -9.709795714229079485e-05
86.9      1.769747632683511818e-03
87.0      2.535620524794021322e-03
87.1      2.024303884498670787e-03
87.2      8.057355492703853830e-04
87.3      -1.925508245549941257e-04
87.4      -2.842999668673856437e-04
87.5      5.438509547882013203e-04
87.6      1.639013211928266531e-03
87.7      2.121172781292029064e-03
87.8      1.475175380580841808e-03
87.9      -8.273755004794012885e-05
88.0      -1.702748344849503792e-03
88.1      -2.411116525729891519e-03
88.2      -1.718154271286500374e-03
88.3      5.521062060434012289e-05
88.4      1.940247115745334303e-03
88.5      2.877089352130881086e-03
88.6      2.324332463630880783e-03
88.7      5.480099023469114016e-04
88.8      -1.581917310214696337e-03
88.9      -3.149177109106733163e-03
89.0      -3.741642767136003911e-03
89.1      -3.639902275228401249e-03
89.2      -3.523786326202137890e-03
89.3      -3.892367198508127346e-03
89.4      -4.589037295732024610e-03
89.5      -4.770647653356288598e-03
89.6      -3.384408892754293876e-03
89.7      1.133709302016946903e-04
89.8      5.239562056539311986e-03
89.9      1.051692619556640097e-02
90.0      1.409123869269429154e-02
90.1      1.461640429927811395e-02
90.2      1.191943174932864717e-02
90.3      7.071103412926159869e-03
90.4      1.825077646104627084e-03
90.5      -2.253958388076693960e-03
90.6      -4.485110656369352584e-03
90.7      -5.221767356925516475e-03
90.8      -5.422629620580716146e-03
90.9      -5.946253673236037533e-03
91.0      -7.014150116879791681e-03
91.1      -8.152686847615091964e-03
91.2      -8.606038608002469434e-03
91.3      -7.914282324754258122e-03
91.4      -6.259344143995470948e-03
91.5      -4.349173395832839177e-03
91.6      -2.924749104861644466e-03
91.7      -2.229332528018528742e-03
91.8      -1.809634591547831404e-03
91.9      -8.025376267531706071e-04
92.0      1.461494411976313988e-03
92.1      4.927557893379572521e-03
92.2      8.717670494777533460e-03
92.3      1.155780477411225658e-02
92.4      1.248632324779343737e-02
92.5      1.140757329952712951e-02
92.6      9.135439615353424872e-03
92.7      6.883839471022559602e-03
92.8      5.510653027382799059e-03
92.9      4.987154940325197634e-03
93.0      4.436072670308232636e-03
93.1      2.730465906913900811e-03
93.2      -7.110030710322451722e-04
93.3      -5.433247109334216583e-03
93.4      -1.008411322781309870e-02
93.5      -1.312342434126542029e-02
93.6      -1.368246805367493574e-02
93.7      -1.204827477922647098e-02
93.8      -9.466597660554451621e-03
93.9      -7.373256853424779537e-03
94.0      -6.520224262354744511e-03
94.1      -6.536456313707149184e-03
94.2      -6.202686353583247540e-03
94.3      -4.279241238865239688e-03
94.4      -3.779170592470499951e-04
94.5      4.669445139033670360e-03
94.6      9.191717925590453531e-03
94.7      1.159520648398457664e-02
94.8      1.126749013048550241e-02
94.9      8.918165299506161658e-03
95.0      6.143573682024830972e-03
95.1      4.475837713305569864e-03
95.2      4.492303332686705883e-03
95.3      5.526191720049603018e-03
95.4      6.149447749222158865e-03
95.5      5.123362897404083564e-03
95.6      2.223978106672143927e-03
95.7      -1.571727664931977077e-03
95.8      -4.654301930334618816e-03
95.9      -5.749423042396777095e-03
96.0      -4.679360452277851051e-03
96.1      -2.441592443258263235e-03
96.2      -5.571548717270614383e-04
96.3      -1.021335162873819390e-04
96.4      -1.039426425415448940e-03
96.5      -2.281633044666026445e-03
96.6      -2.454121632431972757e-03
96.7      -8.768175074481981577e-04
96.8      1.868909544674507081e-03
96.9      4.174868223681246250e-03
97.0      4.329978222663848249e-03
97.1      1.580976164070280361e-03
97.2      -3.326468916748666089e-03
97.3      -8.476917533117332010e-03
97.4      -1.180469008983427680e-02
97.5      -1.219588104060982496e-02
97.6      -1.000981749400001695e-02
97.7      -6.713709894278669342e-03
97.8      -3.875664273535467299e-03
97.9      -2.162207630975686388e-03
98.0      -9.837690817619507318e-04
98.1      9.814653237665436816e-04
98.2      4.720909483522237569e-03
98.3      9.977992793866323137e-03
98.4      1.512284724700078097e-02
98.5      1.794734177877798861e-02
98.6      1.693739774300672199e-02
98.7      1.224671717914597134e-02
98.8      5.744261698796510746e-03
98.9      5.807020389753136426e-05
99.0      -2.844296601146784759e-03
99.1      -2.696102968484438613e-03
99.2      -9.627974761061584494e-04
99.3      1.583032432702430803e-04
99.4      -8.426727130320765639e-04
99.5      -3.828070799693768927e-03
99.6      -7.114669634049945908e-03
99.7      -8.581702754178801087e-03
99.8      -7.092868865949821834e-03
99.9      -3.324883931091730024e-03
100.0     5.513525070262173056e-04
100.1     2.177484515909676021e-03
100.2     5.064094459319845717e-04
100.3     -3.456304104098075532e-03
100.4     -7.176783542721157892e-03
100.5     -8.110957930161205240e-03
100.6     -5.304891823722841619e-03
100.7     -7.260654695170644911e-05
100.8     4.717698641322188267e-03
100.9     6.366292912269577546e-03
101.0     4.039515893062717126e-03
101.1     -6.237154487402805578e-04
101.2     -4.432421499325146091e-03
101.3     -4.592683939913490103e-03
101.4     -5.197738747237684196e-04
101.5     5.632529310961332907e-03
101.6     1.013797858036049812e-02
101.7     9.945345527282833248e-03
101.8     4.682723905946764402e-03
101.9     -2.848181761892517802e-03
102.0     -8.128055814856170735e-03
102.1     -7.619453588768853973e-03
102.2     -1.204257536954813539e-03
102.3     7.122139169623350509e-03
